src/test/resources/sample/rain.grd
DSAA
80 140
70 139.125
15 54.7142857142857
0.0 14.0749560892
[rows 52 to 77 of 140, columns 0 to 58 of 80]
1.70141E+38 1.70141E+38 1E-06 1E-06 1E-06 1E-06 1.70141E+38 1E-06 1E-06 1E-06 1E-06 1.70141E+38 0.0223392083264235 1E-06 1E-06 1.70141E+38 1.70141E+38 1.70141E+38 1.70141E+38 1.70141E+38 1E-06 1E-06 1E-06 0.0397485309347467 1E-06 0.126514854570016 0.659958216187481 3.69000883792293 3.06951277511413 1.91331407202211 0.813377238994767 1.52716254690501 1.37796575018679 1.02319053440328 1.77492010262432 3.93458156614796 4.3973998825411 2.35219686625398 0.998867823280514 0.326951793245834 0.0763527368668732 0.0248177828922865 0.094256957057979 0.235240594667989 0.163374084844237 0.0337591263168093 0.0763780676364099 0.131584837092138 0.0571002729756834 0.230837081289872 0.460985057178734 0.621213820595745 0.420453390793544 0.704015056789835 2.16170838980843 3.66232177218571 4.53247295246934 5.45781709306405 5.99365275799222
1.70141E+38 1.70141E+38 1E-06 1E-06 1E-06 1E-06 1E-06 1E-06 1E-06 1E-06 1E-06 0.0550332454945568 0.0256046578286653 1E-06 1E-06 1.70141E+38 1.70141E+38 1.70141E+38 1.70141E+38 1.70141E+38 1.70141E+38 1E-06 1E-06 0.0399432203025228 0.0305070221140269 0.168468479467217 0.570257472989244 1.02169538601182 0.761843581517634 0.806211163154871 0.398263143600162 0.315644661338498 0.554630875307948 0.122095802247283 1.3641834724758 3.07354408476375 3.18849685507572 1.52188688400346 0.506092364152701 0.0898825009860687 0.0305416403809646 1E-06 0.0110432758189579 0.113572867621519 0.0937113590733818 0.0204806584768885 1E-06 0.0266948509951347 0.0160714331663634 0.126824742306523 0.723729505886177 0.986194501555981 0.655639153832998 0.340159109957093 1.05936112832388 2.08580425216057 3.33704246496455 4.40697773864133 4.86499914745041
1.70141E+38 1.70141E+38 1.70141E+38 1E-06 1E-06 1.70141E+38 1E-06 1E-06 1E-06 1E-06 1E-06 1E-06 1E-06 1E-06 1E-06 1.70141E+38 1.70141E+38 1.70141E+38 1.70141E+38 1.70141E+38 1.70141E+38 1E-06 1E-06 0.00328432545714487 0.00328432545714487 0.0502752619971418 0.173272714261445 0.439955251498736 0.611012441147185 0.519483975360127 0.313879894083837 0.0418681099090135 1E-06 0.0493082068231833 1E-06 1.60487205331154 2.61173465636894 0.906009317189527 0.243054240638039 0.0771237603464385 0.00775721106450267 1E-06 1E-06 0.0259390368075303 0.0281904782295934 0.00666034477133524 1E-06 1E-06 0.0119945733232414 0.0864941469720163 0.575587686426426 0.876226881018788 0.593464584795796 0.193518097052733 0.388764644669066 0.838243377493982 1.54277962607065 2.25482107687908 2.7862956848324
1.70141E+38 1.70141E+38 1.70141E+38 1.70141E+38 1.70141E+38 1.70141E+38 1E-06 1E-06 1E-06 1E-06 1E-06 1.70141E+38 1E-06 1E-06 1E-06 1.70141E+38 1.70141E+38 1.70141E+38 1.70141E+38 1.70141E+38 1E-06 7.82554833950777E-05 0.000403336779266176 0.00249710518651526 0.00290500417957534 1E-06 1E-06 1E-06 0.0233612665062147 1E-06 0.0992939450874784 0.226529630104581 0.187053962727733 0.113850918433461 0.219578371746659 0.410131319814958 0.353690180878418 0.33271395212077 0.151218831003862 0.011509379839485 1E-06 1E-06 1E-06 0.0057030822214316 0.00705180976057007 1E-06 0.000864935378204731 1E-06 0.000971512714429338 1E-06 0.160994836296691 0.334810277061012 0.220761148153698 0.0251813361762932 0.143182666566564 0.322502538573018 0.464219831277492 0.818284286622697 1.12769259467085
1.70141E+38 1.70141E+38 1.70141E+38 1.70141E+38 1.70141E+38 1.70141E+38 1.70141E+38 1.70141E+38 1.70141E+38 1.70141E+38 1.70141E+38 1.70141E+38 1.70141E+38 1.70141E+38 1.70141E+38 1.70141E+38 1.70141E+38 1.70141E+38 1.70141E+38 1.70141E+38 1E-06 1E-06 0.000317925626693918 1E-06 0.000818540190240536 1E-06 1E-06 1E-06 0.0988803412393787 0.0543646295516642 0.0224427820698804 0.0447044222845048 0.117106182836728 0.0583201329268167 1E-06 0.0666386804557658 0.10433751437588 0.0399188204859914 0.051369758564279 0.00208662677577817 0.0152263234964775 1E-06 1E-06 1E-06 1E-06 1E-06 1E-06 0.000393199909302873 1E-06 1E-06 1E-06 0.0518009132314572 0.018212914580615 1E-06 1E-06 0.0818569986601295 0.172566596975345 0.336307835049555 0.431681109365409
1.70141E+38 1.70141E+38 1.70141E+38 1.70141E+38 1E-06 1E-06 1E-06 1E-06 1.70141E+38 1.70141E+38 1.70141E+38 1.70141E+38 1.70141E+38 1.70141E+38 1.70141E+38 1.70141E+38 1.70141E+38 1.70141E+38 1.70141E+38 1.70141E+38 1E-06 1E-06 1E-06 8.9236197027306E-05 1E-06 1E-06 1E-06 1E-06 1E-06 1E-06 1E-06 1E-06 0.0346973634022722 1E-06 0.0799669686310586 0.0486306754577886 0.00969775254907826 0.0241268311589824 0.0322703025018841 0.0180405425429534 1E-06 1E-06 1E-06 1E-06 1E-06 1E-06 1E-06 1E-06 1E-06 1E-06 1E-06 1E-06 1E-06 1E-06 0.0169703604268578 0.00684683821563925 1E-06 0.131192062397269 0.0864942629214965
1.70141E+38 1.70141E+38 1E-06 1E-06 1E-06 1E-06 1E-06 1E-06 1.70141E+38 1.70141E+38 1.70141E+38 1.70141E+38 1.70141E+38 1.70141E+38 1.70141E+38 1.70141E+38 1.70141E+38 1.70141E+38 1.70141E+38 1.70141E+38 1.70141E+38 1.70141E+38 1E-06 1E-06 1E-06 1E-06 1E-06 1E-06 1E-06 0.00473425749663176 1E-06 1E-06 1E-06 1E-06 1E-06 1E-06 1E-06 1E-06 1E-06 1E-06 1E-06 1E-06 1E-06 1E-06 1E-06 1E-06 1E-06 1E-06 1E-06 1E-06 0.000747179299350887 2.13756950748668E-05 0.00044503043217477 0.00115119439999189 0.00341487720654316 0.0140457200805722 1E-06 1E-06 1E-06
1.70141E+38 1.70141E+38 1E-06 1E-06 1E-06 1E-06 1E-06 1E-06 1.70141E+38 1.70141E+38 1.70141E+38 1.70141E+38 1.70141E+38 1.70141E+38 1.70141E+38 1E-06 1E-06 1E-06 1E-06 1.70141E+38 1.70141E+38 1.70141E+38 0.0179522463677889 0.00621729417188586 1E-06 1E-06 1E-06 1E-06 1E-06 0.0225955896173956 1E-06 1E-06 1E-06 1E-06 1E-06 1E-06 1E-06 1E-06 1E-06 1E-06 1E-06 1E-06 1E-06 1E-06 1E-06 1E-06 1E-06 1E-06 1E-06 1E-06 1E-06 1E-06 0.000674620480020073 0.00264048341105605 0.00475064268659491 0.00891379786453982 0.00925380745301516 0.00314074006481346 1E-06
1.70141E+38 1.70141E+38 1E-06 1E-06 1E-06 1E-06 1E-06 1.70141E+38 1.70141E+38 1.70141E+38 1E-06 1E-06 1E-06 1E-06 1.70141E+38 1E-06 1E-06 1E-06 1E-06 1.70141E+38 1.70141E+38 1.70141E+38 1.70141E+38 1E-06 0.0160226923476403 1E-06 1E-06 1E-06 1E-06 1E-06 1E-06 1E-06 1E-06 1E-06 1E-06 1E-06 1E-06 1E-06 1E-06 1E-06 1E-06 1E-06 1E-06 1E-06 1E-06 1E-06 1E-06 1E-06 1E-06 1E-06 1E-06 1E-06 0.000163031853582462 0.00143153508732352 0.00113814357631587 0.00406138475047175 0.00274052563347613 0.00160040382517383 0.0030872215474082
1.70141E+38 1.70141E+38 1E-06 1E-06 1E-06 1E-06 1E-06 1E-06 1.70141E+38 1.70141E+38 1E-06 1E-06 1E-06 1E-06 1.70141E+38 1E-06 1E-06 1E-06 1E-06 1.70141E+38 1.70141E+38 1.70141E+38 1.70141E+38 1E-06 1E-06 1E-06 1E-06 1E-06 1E-06 1E-06 1E-06 1E-06 1E-06 0.0095636996254434 0.0198530885105581 0.0367023954088251 0.00908051636901988 0.00201062888692271 1E-06 1E-06 1E-06 1E-06 1E-06 1E-06 1E-06 1E-06 1E-06 1E-06 1E-06 1E-06 1E-06 1E-06 1E-06 0.000270157664854393 0.000590379458580958 0.00072145774880858 0.00131871680678626 0.000995767588391559 0.00158691931622499
1.70141E+38 1.70141E+38 1.70141E+38 1.70141E+38 1E-06 1E-06 1E-06 1E-06 1.70141E+38 1.70141E+38 1E-06 1E-06 1E-06 1E-06 1.70141E+38 1.70141E+38 1.70141E+38 1.70141E+38 1.70141E+38 1.70141E+38 1.70141E+38 1.70141E+38 1.70141E+38 1E-06 1E-06 1E-06 1.70141E+38 1.70141E+38 1E-06 1E-06 1E-06 1E-06 0.00243944164313928 0.0230744381278385 0.212351427778632 0.159250465809422 0.0799082714241714 0.00186588963282635 0.00596288829183557 1E-06 1E-06 1E-06 1E-06 1E-06 1E-06 1E-06 1E-06 1E-06 1E-06 1E-06 1E-06 1E-06 1E-06 1E-06 1E-06 3.78752921055355E-06 0.000101140178196148 0.000100294940005234 0.00110500414229584
1.70141E+38 1.70141E+38 1.70141E+38 1.70141E+38 1.70141E+38 1E-06 1E-06 1.70141E+38 1.70141E+38 1.70141E+38 1.70141E+38 1E-06 1E-06 1.70141E+38 1.70141E+38 1.70141E+38 1.70141E+38 1.70141E+38 1.70141E+38 1.70141E+38 1.70141E+38 1.70141E+38 1.70141E+38 1.70141E+38 1.70141E+38 1.70141E+38 1.70141E+38 1E-06 1E-06 1E-06 1E-06 1E-06 0.0175208856254372 0.0409001617850152 0.25595108995012 0.188246270273498 0.0649323920349822 0.00663876494179366 0.0089092059927064 0.000113416231637058 1E-06 1E-06 1E-06 1E-06 1E-06 1E-06 1E-06 1E-06 1E-06 1E-06 1E-06 1E-06 1E-06 1E-06 1E-06 1E-06 1E-06 1E-06 0.000113666760604485
1.70141E+38 1.70141E+38 1.70141E+38 1.70141E+38 1.70141E+38 1.70141E+38 1.70141E+38 1.70141E+38 1.70141E+38 1.70141E+38 1.70141E+38 1.70141E+38 1.70141E+38 1.70141E+38 1.70141E+38 1.70141E+38 1.70141E+38 1.70141E+38 1.70141E+38 1.70141E+38 1.70141E+38 1.70141E+38 1.70141E+38 1.70141E+38 1.70141E+38 1.70141E+38 1.70141E+38 1.70141E+38 1E-06 1E-06 1E-06 1E-06 0.00506747895154193 0.0214540835375311 0.0959336512585135 0.0785541732601495 0.0267771323460801 1E-06 0.00315249520537857 0.00301882178395512 0.00444787259066907 0.00208054875115726 1E-06 1E-06 1E-06 1E-06 1E-06 1E-06 1E-06 1E-06 1E-06 1E-06 1E-06 1E-06 1E-06 1E-06 1E-06 1E-06 1E-06
1.70141E+38 1.70141E+38 1E-06 1E-06 1.70141E+38 1E-06 1E-06 1.70141E+38 1.70141E+38 1.70141E+38 1.70141E+38 1.70141E+38 1.70141E+38 1.70141E+38 1.70141E+38 1.70141E+38 1.70141E+38 1.70141E+38 1.70141E+38 1.70141E+38 1.70141E+38 1.70141E+38 1.70141E+38 1.70141E+38 1.70141E+38 1.70141E+38 1.70141E+38 1.70141E+38 1E-06 1E-06 1E-06 1E-06 1E-06 0.00612454859917837 0.0143106449283933 0.00520887783455006 1E-06 0.00581667782115493 0.0102692767092849 0.0730707041413122 0.0326465664424151 0.00384645461396021 1E-06 1E-06 1E-06 1E-06 1E-06 1E-06 1E-06 1E-06 1E-06 1E-06 1E-06 1E-06 1E-06 1E-06 1E-06 1E-06 1E-06
1.70141E+38 1E-06 1E-06 1E-06 1E-06 1E-06 1E-06 1E-06 1.70141E+38 1.70141E+38 1.70141E+38 1.70141E+38 1.70141E+38 1.70141E+38 1.70141E+38 1.70141E+38 1.70141E+38 1.70141E+38 1.70141E+38 1.70141E+38 1.70141E+38 1.70141E+38 1.70141E+38 1.70141E+38 1.70141E+38 1E-06 1E-06 1E-06 1E-06 1E-06 1E-06 1E-06 1E-06 1E-06 1E-06 1E-06 1E-06 1E-06 0.0870146080883416 0.1959681519049 0.083881364122343 0.00301283061179699 1E-06 1E-06 1E-06 1E-06 1E-06 1E-06 1E-06 1E-06 1E-06 1E-06 1E-06 1E-06 1E-06 1E-06 1E-06 1E-06 1E-06
1.70141E+38 1E-06 1E-06 1E-06 1E-06 1E-06 1E-06 1E-06 1.70141E+38 1.70141E+38 1.70141E+38 1.70141E+38 1.70141E+38 1.70141E+38 1.70141E+38 1.70141E+38 1.70141E+38 1.70141E+38 1.70141E+38 1.70141E+38 1.70141E+38 1.70141E+38 1.70141E+38 1.70141E+38 1E-06 1E-06 1E-06 1E-06 1E-06 1E-06 1E-06 1E-06 1E-06 1E-06 1E-06 1E-06 1E-06 1E-06 0.0477681723904779 0.113986432312031 0.0680021165845284 1E-06 1E-06 1E-06 1E-06 1E-06 1E-06 1E-06 1E-06 1E-06 1E-06 1E-06 1E-06 1E-06 1E-06 1E-06 1E-06 1E-06 1E-06
1.70141E+38 1E-06 1E-06 1E-06 1E-06 1E-06 1E-06 1E-06 1.70141E+38 1.70141E+38 1.70141E+38 1.70141E+38 1.70141E+38 1.70141E+38 1.70141E+38 1.70141E+38 1.70141E+38 1.70141E+38 1.70141E+38 1.70141E+38 1.70141E+38 1.70141E+38 1.70141E+38 1.70141E+38 1E-06 1E-06 1E-06 1E-06 1E-06 1E-06 1E-06 0.00993301312620055 1E-06 1E-06 1E-06 1E-06 1E-06 1E-06 1E-06 0.00227618305492062 1E-06 1E-06 0.00270355874199232 0.00285668847565177 0.000546128204180213 1E-06 1E-06 1E-06 1E-06 1E-06 1E-06 1E-06 1E-06 1E-06 1E-06 1E-06 1E-06 1E-06 1E-06
1.70141E+38 1E-06 1E-06 1E-06 1E-06 1.70141E+38 1.70141E+38 1.70141E+38 1.70141E+38 1.70141E+38 1.70141E+38 1.70141E+38 1.70141E+38 1.70141E+38 1.70141E+38 1.70141E+38 1.70141E+38 1.70141E+38 1.70141E+38 1.70141E+38 1.70141E+38 1.70141E+38 1.70141E+38 1.70141E+38 1.70141E+38 1E-06 1E-06 1E-06 1.70141E+38 1.70141E+38 1.70141E+38 1E-06 1E-06 1E-06 1E-06 1E-06 1E-06 1E-06 0.0128330391224142 0.00690037178156042 1E-06 1E-06 0.0219161483828928 0.0327399922640565 0.0402993900995374 0.0407398524717454 0.0223947828314755 0.0146513894285783 0.0112815548920271 0.000612300118628217 1E-06 1E-06 1E-06 1E-06 1E-06 1E-06 1E-06 1E-06 1E-06
1.70141E+38 1E-06 1E-06 1E-06 1E-06 1.70141E+38 1.70141E+38 1.70141E+38 1.70141E+38 1.70141E+38 1.70141E+38 1.70141E+38 1.70141E+38 1.70141E+38 1.70141E+38 1.70141E+38 1.70141E+38 1.70141E+38 1.70141E+38 1.70141E+38 1.70141E+38 1.70141E+38 1.70141E+38 1.70141E+38 1.70141E+38 1E-06 1E-06 1E-06 1E-06 1.70141E+38 1.70141E+38 1E-06 1E-06 1E-06 1E-06 1E-06 1E-06 0.0527550048167406 0.109531268184147 0.0787402392341282 0.0230924434129388 0.012587047193717 0.0134579139823526 0.0366475794570131 0.0771632878943008 0.081087857085776 0.159188437316155 0.0964212328563652 0.0340170699049273 0.0157281396338247 1E-06 1E-06 1E-06 1E-06 1E-06 1E-06 1E-06 1E-06 1E-06
1.70141E+38 1E-06 1E-06 1E-06 1E-06 1.70141E+38 1.70141E+38 1.70141E+38 1.70141E+38 1.70141E+38 1.70141E+38 1.70141E+38 1.70141E+38 1.70141E+38 1.70141E+38 1.70141E+38 1.70141E+38 1.70141E+38 1.70141E+38 1.70141E+38 1.70141E+38 1.70141E+38 1.70141E+38 1.70141E+38 1.70141E+38 1E-06 1E-06 1E-06 1E-06 1.70141E+38 1.70141E+38 1E-06 1E-06 1E-06 1E-06 1E-06 0.093729857105327 0.334116305487184 0.404871148465995 0.239133717529699 0.0477841620451601 0.0338902727943579 0.0314458049583174 0.0713544191042227 0.120052392607247 0.333401549282316 0.462408406360106 0.342486279934777 0.0914874222771628 0.0345663801888162 0.00180627198162986 0.00151276876364762 1E-06 1E-06 1E-06 1E-06 1E-06 1E-06 1E-06
1.70141E+38 1E-06 1E-06 1E-06 1.70141E+38 1.70141E+38 1.70141E+38 1.70141E+38 1.70141E+38 1.70141E+38 1.70141E+38 1.70141E+38 1.70141E+38 1.70141E+38 1.70141E+38 1.70141E+38 1.70141E+38 1.70141E+38 1.70141E+38 1.70141E+38 1.70141E+38 1.70141E+38 1.70141E+38 1.70141E+38 1.70141E+38 1E-06 1E-06 1E-06 1.70141E+38 1.70141E+38 1.70141E+38 1.70141E+38 1.70141E+38 1E-06 1E-06 0.165901425008337 0.380127762698749 0.611080697230143 0.541022795926969 0.296617961426076 0.0623659670569999 0.0472052841792134 0.0642640046505515 0.118530678992122 0.146044198242345 0.393840224210633 0.493177715165749 0.339594580666823 0.0709553014778989 0.0331113756053757 0.00220513768123899 0.00214101474377721 1E-06 1E-06 1E-06 1E-06 1E-06 1E-06 1E-06
1.70141E+38 1E-06 1E-06 1E-06 1E-06 1.70141E+38 1.70141E+38 1.70141E+38 1.70141E+38 1.70141E+38 1.70141E+38 1.70141E+38 1.70141E+38 1.70141E+38 1.70141E+38 1.70141E+38 1.70141E+38 1.70141E+38 1.70141E+38 1.70141E+38 1.70141E+38 1.70141E+38 1.70141E+38 1.70141E+38 1.70141E+38 1.70141E+38 1.70141E+38 1.70141E+38 1.70141E+38 1.70141E+38 1.70141E+38 1E-06 1E-06 0.0764018442433864 0.176721146617757 0.413731409368209 0.587276762368001 0.729973797998063 0.530848266893075 0.236372242732462 0.0752932194317512 0.0775513580415596 0.0603677561427628 0.1115051473853 0.110158381745328 0.0883824523456391 0.193485580774702 0.107560926368367 0.0213443556431452 0.011915779624218 1E-06 0.0016335374303192 1E-06 1E-06 1E-06 1E-06 1E-06 1E-06 1E-06
1.70141E+38 1E-06 1E-06 1E-06 1.70141E+38 1.70141E+38 1.70141E+38 1.70141E+38 1.70141E+38 1.70141E+38 1.70141E+38 1.70141E+38 1.70141E+38 1.70141E+38 1.70141E+38 1.70141E+38 1.70141E+38 1.70141E+38 1.70141E+38 1.70141E+38 1.70141E+38 1.70141E+38 1.70141E+38 1.70141E+38 1.70141E+38 1.70141E+38 1.70141E+38 1E-06 1E-06 1E-06 1E-06 1E-06 1E-06 0.181498027151557 1E-06 0.277804852453729 0.812005862620098 0.91719373013269 0.56257561926891 0.317032474730347 0.187911581543471 0.0602756601519737 0.0448467910140859 0.0550733648723913 0.0786420531475699 0.0501971689403284 0.0360159464110426 0.0160106567649094 0.0128973857549173 0.00592920342458414 0.000159792913233616 0.000607796022197542 1E-06 1E-06 1E-06 1E-06 1E-06 1E-06 1E-06
1.70141E+38 1.70141E+38 1.70141E+38 1.70141E+38 1.70141E+38 1.70141E+38 1.70141E+38 1.70141E+38 1.70141E+38 1.70141E+38 1.70141E+38 1.70141E+38 1.70141E+38 1E-06 1E-06 1.70141E+38 1.70141E+38 1.70141E+38 1.70141E+38 1.70141E+38 1.70141E+38 1.70141E+38 1.70141E+38 1.70141E+38 1.70141E+38 1.70141E+38 1E-06 1E-06 1E-06 1E-06 1E-06 0.0376154754453286 0.022151782554516 0.260461838314741 0.250422168707324 0.860969410167613 1.08193353134509 1.13787765498426 0.835774807582642 0.752787602336459 0.599438863766679 0.203045773783281 0.00644185087228 0.00755936990923161 0.00427407364507696 0.0184182269268935 0.0164634351365894 0.0107350523629449 1E-06 0.000376273194482489 1E-06 1E-06 1E-06 1E-06 1E-06 1E-06 1E-06 1E-06 1E-06
1.70141E+38 1.70141E+38 1.70141E+38 1.70141E+38 1.70141E+38 1.70141E+38 1.70141E+38 1.70141E+38 1.70141E+38 1.70141E+38 1E-06 1E-06 1E-06 1E-06 1E-06 1E-06 1E-06 1.70141E+38 1.70141E+38 1.70141E+38 1.70141E+38 1.70141E+38 1.70141E+38 1.70141E+38 1.70141E+38 1E-06 1E-06 1E-06 1E-06 1E-06 0.0796743696346722 0.131014694490535 1E-06 0.062409124596443 1.01989463997795 1.50000699752721 1.29133322717446 0.944667713566303 0.847383586555786 0.824307971165589 0.610246288071082 0.129752142970805 0.0603665939381252 0.0590598397676317 0.00853544213913458 0.00923188423582425 0.00716497122385004 0.00103292802027779 1E-06 0.00155832593446172 1E-06 1E-06 7.82349414952946E-05 1E-06 1E-06 1E-06 1E-06 1E-06 1E-06
1.70141E+38 1.70141E+38 1.70141E+38 1.70141E+38 1.70141E+38 1.70141E+38 1.70141E+38 1.70141E+38 1.70141E+38 1.70141E+38 1E-06 1E-06 1E-06 1E-06 1E-06 1E-06 1E-06 1.70141E+38 1.70141E+38 1.70141E+38 1.70141E+38 1.70141E+38 1.70141E+38 1.70141E+38 1.70141E+38 1.70141E+38 1E-06 1E-06 1E-06 1.70141E+38 1E-06 0.00400674999376997 1E-06 0.100881438027942 0.817042160484298 1.48645405479784 1.18563645683704 0.671605492817136 0.217277338715749 0.426961828490888 0.257578848392771 0.0672288154235398 0.215984498584567 0.165038851854552 0.0329124429693731 0.00901788148235012 0.0051860243560476 1E-06 1E-06 1E-06 1E-06 1E-06 1E-06 1E-06 0.000380412709679188 1E-06 1E-06 1E-06 1E-06
