src/test/resources/sample/rain.grd
DSAA
80 140
70 139.125
15 54.7142857142857
0.0 14.0749560892
[rows 26 to 51 of 140, columns 0 to 58 of 80]
1E-06 1E-06 1E-06 1.70141E+38 1.70141E+38 1E-06 1E-06 1E-06 1E-06 1.70141E+38 1.70141E+38 1.70141E+38 1E-06 1E-06 1E-06 1E-06 1.70141E+38 1.70141E+38 1E-06 1E-06 1.70141E+38 1.70141E+38 1.70141E+38 1.70141E+38 1.70141E+38 1.70141E+38 1.70141E+38 1.70141E+38 1E-06 0.280207394594453 0.817705089056697 0.942004893500971 2.94240125298745 5.50268142264329 4.1150127814923 2.28802187431485 3.55879735603812 5.1031185606381 2.26881108168045 0.5513707967784 1E-06 0.223872125011861 0.0754484738864822 0.168677288315603 0.816459697879306 1.31582479800057 0.685766359934067 0.193375249508589 0.207642315242247 0.0820276948100129 0.0635849059754934 0.126301937056483 0.219189196546802 1E-06 1.70141E+38 1.70141E+38 1.70141E+38 0.0159287102397127 1E-06
1E-06 1E-06 1E-06 1E-06 1E-06 1E-06 1E-06 1E-06 1E-06 1.70141E+38 1.70141E+38 1E-06 1E-06 1E-06 1E-06 1E-06 1.70141E+38 1E-06 1E-06 1E-06 1E-06 1E-06 1E-06 1E-06 1.70141E+38 1.70141E+38 1.70141E+38 1E-06 1E-06 1.70141E+38 1E-06 0.348431558731015 3.58182021531754 6.54771716534237 4.70020639780549 2.08611441045272 2.12636885237035 3.31733320536405 2.62176286984886 1.31743819124403 1E-06 0.107207761759049 0.0828759345093569 0.172564670828135 0.0554508717499374 0.403894109979105 0.0237215874855705 0.0839790108026535 0.0205424724655934 0.267760481310792 0.336819091381454 0.328405158405968 0.607883183769759 0.324405065345477 1E-06 1.70141E+38 1E-06 0.00944059088111122 1E-06
1.70141E+38 1.70141E+38 1E-06 1E-06 1E-06 1E-06 1E-06 1E-06 1E-06 1E-06 1E-06 1E-06 1E-06 1E-06 1E-06 1E-06 1E-06 1E-06 1E-06 1E-06 1E-06 1E-06 1E-06 1E-06 1.70141E+38 1.70141E+38 1E-06 1E-06 1E-06 1E-06 1E-06 1E-06 1.20173510193939 4.33530035534451 3.28622213008794 1.08165052254364 0.648700270393783 1.9370233584849 2.39212981864641 1.37976738078747 0.213990939287544 1E-06 0.497857976767518 0.875384350109248 0.43727579054149 0.15272545512125 0.179928085883268 0.0793798152472814 0.269302942125479 0.74102671391453 0.781281959031964 0.560988034250919 0.494469960790018 0.279115987571462 1E-06 1E-06 1E-06 1E-06 1E-06
1.70141E+38 1.70141E+38 1E-06 1E-06 1E-06 1.70141E+38 1.70141E+38 1E-06 1E-06 1E-06 1E-06 1E-06 1E-06 1E-06 1E-06 1.70141E+38 1E-06 1E-06 1E-06 1E-06 1E-06 1E-06 1E-06 1E-06 1.70141E+38 1.70141E+38 1E-06 1E-06 1E-06 1E-06 1.70141E+38 1E-06 1E-06 0.379932637937037 0.465525688231872 0.37532628755405 0.185024547124825 1.50024302431454 2.66283344888634 2.5761991396237 2.37188961457889 1.9083655453833 1.10790488670862 1.44770240964564 1.05356674191919 1E-06 0.104489487127831 0.0792927712496891 0.200242094465819 0.686804696489528 0.728768605830354 0.400071861761878 0.228678560053755 0.0860425238238164 1E-06 1E-06 1E-06 1E-06 1E-06
1.70141E+38 1.70141E+38 1.70141E+38 1E-06 1.70141E+38 1.70141E+38 1.70141E+38 1E-06 1E-06 1E-06 1E-06 1E-06 1E-06 1.70141E+38 1.70141E+38 1E-06 1E-06 1E-06 1E-06 1E-06 1E-06 1E-06 1E-06 1E-06 1.70141E+38 1.70141E+38 1.70141E+38 1E-06 1E-06 1E-06 1.70141E+38 1E-06 1E-06 1E-06 0.058788110814514 1E-06 1E-06 1.16190791317694 2.54273706505154 3.81049457414247 4.74149752094799 3.86007622255069 1.94577444887102 2.06432603898437 1.87522789457175 0.537964013378459 0.116064688976588 0.1826286077019 0.0217766206002373 0.228091969595945 0.265037844770054 1E-06 0.0372256756548682 0.00993233476442844 0.00534607785423385 0.0185188124312403 1E-06 1.70141E+38 1.70141E+38
1.70141E+38 1.70141E+38 1.70141E+38 1.70141E+38 1.70141E+38 1.70141E+38 1.70141E+38 1.70141E+38 1.70141E+38 1.70141E+38 1.70141E+38 1.70141E+38 1.70141E+38 1.70141E+38 1.70141E+38 1E-06 1E-06 1E-06 1E-06 1.70141E+38 1.70141E+38 1E-06 1E-06 1E-06 1.70141E+38 1.70141E+38 1.70141E+38 1.70141E+38 1.70141E+38 1E-06 1E-06 1E-06 1E-06 1E-06 1E-06 1E-06 1E-06 1E-06 2.14792518003666 4.79479952201914 6.08848180358782 3.66369433297988 2.11365261234265 2.02105831484122 1.69130872641599 0.949441038520581 0.884024208563012 0.636616799409169 0.0580674471347908 1E-06 1E-06 0.0369840391267751 0.017233254852872 0.0354962197017671 1E-06 0.0200395407298528 0.0136917490085672 0.00719757833508126 0.013545149856273
1.70141E+38 1.70141E+38 1.70141E+38 1.70141E+38 1.70141E+38 1.70141E+38 1.70141E+38 1.70141E+38 1E-06 1E-06 1.70141E+38 1.70141E+38 1E-06 1E-06 1.70141E+38 1E-06 1E-06 1E-06 1E-06 1.70141E+38 1E-06 1E-06 1E-06 1E-06 1.70141E+38 1.70141E+38 1.70141E+38 1.70141E+38 1.70141E+38 1E-06 1E-06 1E-06 1E-06 1E-06 0.0330646815178761 1E-06 1E-06 1E-06 2.92255867419895 5.78933034550469 3.91820843357275 2.57841062642278 2.36739749247488 1.94832148936676 0.884540746964594 0.580534617201698 0.936371917746207 0.562798523999096 1E-06 1E-06 1E-06 1E-06 1E-06 1E-06 1E-06 1E-06 1E-06 1E-06 1E-06
1.70141E+38 1.70141E+38 1.70141E+38 1.70141E+38 1.70141E+38 1.70141E+38 1.70141E+38 1E-06 1E-06 1E-06 1E-06 1E-06 1E-06 1E-06 1E-06 1E-06 1E-06 1E-06 1E-06 1.70141E+38 1.70141E+38 1E-06 1E-06 0.0862006624482948 1E-06 1E-06 1E-06 1.70141E+38 1E-06 1E-06 0.471286154543216 0.181911321323098 0.0744759298625633 1E-06 0.0279868677385931 1E-06 1E-06 0.700064903080107 3.32011766578918 6.91690825585648 4.20675380390412 2.18170025907373 2.28179896948202 1.10439898458228 0.326346067777753 0.193626101418488 0.317474190608061 0.123319658467877 0.016645372766259 1E-06 1E-06 1E-06 0.0172022378494466 1E-06 1E-06 1E-06 1E-06 0.00719230635254509 0.0706235308667487
1.70141E+38 1.70141E+38 1.70141E+38 1.70141E+38 1.70141E+38 1.70141E+38 1E-06 1E-06 1E-06 1E-06 1E-06 1E-06 1E-06 1E-06 1E-06 1.70141E+38 1E-06 1E-06 1E-06 1E-06 1.70141E+38 1E-06 1E-06 1E-06 1E-06 1E-06 1E-06 1E-06 1E-06 1E-06 0.972817471962092 0.467894657772189 1.65947775697046 1.02609568217402 0.00743584871732458 0.0954316286556532 1E-06 0.691230104848397 4.1135968966226 7.64559012743416 5.1762896536039 1.05556612542693 0.944932572568154 0.279263969700947 0.0747694531400742 0.00517875143013302 1E-06 1E-06 0.0714762359098291 0.10031477648019 0.146380794321925 0.149924650741452 0.288889238474271 0.205439971035905 1E-06 1E-06 0.00569097780467501 0.00831922035988364 0.12405899613635
1.70141E+38 1.70141E+38 1.70141E+38 1.70141E+38 1.70141E+38 1E-06 1E-06 1E-06 1E-06 1E-06 1.70141E+38 1.70141E+38 1E-06 1E-06 1E-06 1.70141E+38 1E-06 1E-06 1E-06 1.70141E+38 1.70141E+38 1E-06 1E-06 0.0317915313265228 1E-06 1E-06 1E-06 1E-06 1E-06 0.86548743635858 1.1620252802188 3.68594302680132 5.15109598105246 3.49451085057132 0.91498788232224 1E-06 1E-06 0.348937894702728 3.04034518645842 6.13844172543124 3.34538691996884 0.620207272889711 0.518963743781868 0.165828112193805 0.132350062707368 0.00246149220421685 1E-06 1E-06 0.094163588829349 0.232663043602461 0.38446410490545 0.419459614100361 0.560214897079254 0.607144270833742 0.162816097179777 0.180763394732221 0.253234831721353 0.200029084591277 1.70141E+38
1.70141E+38 1.70141E+38 1.70141E+38 1.70141E+38 1.70141E+38 1E-06 1E-06 1E-06 1E-06 1.70141E+38 1.70141E+38 1.70141E+38 1E-06 1E-06 1E-06 1E-06 1.70141E+38 0.0640459693253489 1.70141E+38 1.70141E+38 1.70141E+38 1E-06 1E-06 0.00809562235489048 1E-06 1E-06 1E-06 1.70141E+38 1E-06 0.92755338954467 0.144329697771393 3.31424342856496 6.26844232117284 4.52228222604052 0.79269603941999 1E-06 0.162132363192472 0.365778119956365 1.1068374285849 2.20280397506003 1.06078821197217 0.37038701047328 0.227299179843136 0.0608153747004579 0.0270080890711183 1E-06 1E-06 1E-06 0.0856137998224173 0.272804805925028 0.716692474692503 0.83203566204383 0.566023325560087 0.454146815661259 0.574473051326671 0.845205257582323 0.6975850586128 0.305624553976126 1E-06
1.70141E+38 1.70141E+38 1.70141E+38 1.70141E+38 1.70141E+38 1.70141E+38 1E-06 1E-06 1E-06 1.70141E+38 1.70141E+38 1.70141E+38 1E-06 1E-06 1E-06 1E-06 1.70141E+38 1.70141E+38 1.70141E+38 1.70141E+38 1.70141E+38 1E-06 1E-06 1E-06 1E-06 1E-06 1.70141E+38 1.70141E+38 1.70141E+38 1E-06 1E-06 1E-06 2.93612591022381 1.95215932183042 0.396817659133404 0.262211742472156 0.0520512413755044 0.203262331192093 0.355653751950635 0.62210414868992 0.779665577421802 0.445465996934717 0.190130978076546 0.291744401612166 0.121337791310856 0.07268622308645 1E-06 1E-06 1E-06 0.167502772104257 1.03562280522331 1.19773886684814 0.564368885364148 1E-06 0.948527299432375 1.53644602064886 1.00251424136888 0.453597950140319 0.920113683586457
1.70141E+38 1.70141E+38 1.70141E+38 1E-06 1E-06 1.70141E+38 1.70141E+38 1.70141E+38 1E-06 1E-06 1E-06 1.70141E+38 1.70141E+38 1E-06 1E-06 1.70141E+38 1.70141E+38 1.70141E+38 1.70141E+38 1.70141E+38 1.70141E+38 1E-06 1E-06 1E-06 0.201748440890821 1E-06 1E-06 1.70141E+38 1E-06 1E-06 0.761486837938033 1.28193928405716 0.511353606736228 0.989372653670445 0.748669195701618 0.749476078606759 0.869375101720566 1.54163667109404 1.63437503232788 1.17008043056187 0.54216422270924 0.390705677328909 0.626210695001928 1.13146797476113 0.972234432953358 0.342073195638434 0.209990339245103 0.117329795585549 0.10194148013096 0.264135906152815 0.948073058943572 1.05227745774993 0.37471196046799 0.061879645255649 0.68231174948281 1.86315036206268 2.2017593158338 1.64244067714613 1.3638547825363
1.70141E+38 1.70141E+38 1E-06 1E-06 1E-06 1E-06 1.70141E+38 1.70141E+38 1E-06 1E-06 1E-06 1E-06 1.70141E+38 1.70141E+38 1.70141E+38 1.70141E+38 1.70141E+38 1.70141E+38 1.70141E+38 1.70141E+38 1E-06 1E-06 1E-06 1E-06 0.131713184595661 1E-06 0.10618855838863 1E-06 1E-06 1E-06 1.21712332991736 2.64121320399467 7.26650971323759 5.92893569294333 3.19771852430843 1.56920369082378 1.10868898915007 2.50893688489414 3.27281431333505 1.22181481796117 0.455987520274883 0.477369864936153 1.39746920171613 2.41578528371629 2.38633272463611 1.24971643361756 0.650489277025794 0.0879326131377776 1E-06 0.156216996571721 0.445931703444485 0.461471975083031 1E-06 0.0607409111143974 0.667980577801998 2.94976768066983 4.26135566437482 3.91853343825272 3.29093064679225
1E-06 1E-06 1E-06 1E-06 1E-06 1E-06 1E-06 1E-06 1E-06 1E-06 1E-06 1E-06 1E-06 1E-06 1E-06 1E-06 1E-06 1.70141E+38 1.70141E+38 1.70141E+38 1E-06 1E-06 1E-06 1.70141E+38 0.409182950445905 1E-06 1E-06 1E-06 1.70141E+38 0.355174546695884 2.0333533582274 1.70141E+38 14.074956089276 7.51157362128706 5.24683063223096 3.37301859287946 1.79261046497475 0.57427537309337 1.06996160203017 0.428574562607422 0.466798904446025 1.04856750946592 2.06306371642158 3.21579720232748 3.4319399308036 2.62890967885786 1.76186063810112 0.956599660381754 0.608889997588077 0.272365799620493 0.102203302943708 1E-06 0.0840812564853232 0.176140705087683 0.771553834433774 3.46465938438327 5.39634857236871 5.23320112599878 5.12238052683624
1E-06 1E-06 1E-06 1E-06 1E-06 1E-06 1E-06 1E-06 1E-06 1E-06 1E-06 1E-06 1E-06 1E-06 1E-06 1E-06 0.15856073546239 0.323256015692966 1.70141E+38 0.00245261262302551 0.0170230908305879 0.25048411819708 0.342881181052494 1.70141E+38 1.70141E+38 0.0451312630319042 1E-06 1E-06 0.119868823999109 1.70141E+38 1.70141E+38 1.70141E+38 1.53342965668401 3.01013377707584 3.65927191077533 3.22628029970793 1.84992873459621 1.01952752469208 1.3743664204844 0.337519767957089 0.45622885997653 1.05230056450565 1.97428350655442 2.86781744221237 3.46979309340866 3.46412255329672 3.43334859840965 3.19229401144328 2.25516150544041 1.07152809393675 0.647733436740583 0.336108228112512 0.142936157237625 1E-06 0.637060532696893 2.36821304799082 4.24491504737963 3.67625654162416 2.15272626415296
1E-06 1E-06 1E-06 1E-06 1.70141E+38 1E-06 1E-06 1E-06 1E-06 1E-06 1E-06 1E-06 1E-06 0.100471741589027 0.0799073020276105 0.250437779645956 0.349249596521184 0.718249022063192 1.70141E+38 1.70141E+38 1.9354029312796 2.04995302531385 1.91628326361138 1.70141E+38 1.70141E+38 1E-06 0.177932785096822 1E-06 1E-06 0.523544251799666 1.70141E+38 1.70141E+38 0.0214525295337789 0.804602384527915 1.91828340139349 2.33299515898815 1.78319500987811 1.85157301006787 1.86181482392364 0.605320395244803 0.28650966205368 0.641768749689797 1.36060107474841 2.06958152025072 2.52135369309035 2.85251532645765 4.58633805335861 6.24466208053104 4.63600417517077 2.82975936667974 1.60168860657479 0.601265417889204 0.364212163335513 0.354702702666482 0.964792749773135 2.1733938155153 3.58975979055031 3.70418625348621 3.33667561537138
1E-06 1E-06 1E-06 1.70141E+38 1.70141E+38 1.70141E+38 1E-06 1E-06 1E-06 1E-06 1E-06 1E-06 0.156975387666418 0.175887958372774 1.70141E+38 0.398602310103753 1.70141E+38 1.70141E+38 1.70141E+38 1.70141E+38 1.70141E+38 5.000001 5.29189550765509 4.63785523817953 1.70141E+38 1.70141E+38 1E-06 1E-06 1E-06 0.288023012784436 0.54742181962884 1.70141E+38 0.499877868843268 1.03535712623214 1.13434309132093 0.715719204104407 1.83092723036938 2.40586066500986 1.72321830146438 0.387231882861295 0.209654677872042 0.349371786123687 0.645910508670672 0.961000685268974 1.28561254647131 1.74733852841385 3.56112008056375 5.78063130539433 5.19722827856907 4.24859949165517 2.73080098194989 1.27656251515494 1.1375682954936 1.63058073929719 1.81192526114924 2.93120911853797 4.90120960066247 5.2968327463659 4.04623110674522
1.70141E+38 1.70141E+38 1.70141E+38 1E-06 1E-06 1E-06 1.70141E+38 1.70141E+38 1E-06 1E-06 1E-06 1.70141E+38 1.70141E+38 1.70141E+38 1.70141E+38 1.70141E+38 1.70141E+38 1.70141E+38 1.70141E+38 1.70141E+38 5.000001 6.12476286700181 5.53267871549385 3.590913327955 1.14670279143078 0.58236485678719 0.125454830157465 1E-06 0.150734864667663 0.27179736315094 0.86968362292159 3.00620413568687 2.90755199692844 1.39240812807534 0.969372936267141 0.634924704237578 2.1789755722046 2.40830150819537 1.29860702854288 0.718336268702499 0.920056385410868 0.57006690707257 0.385949313127523 0.430387732239521 0.477160484026749 0.890718468865031 1.60644712386249 2.84997022742297 3.25761287949159 3.29020376165236 3.02991075732444 2.12020037310832 2.15115808792229 2.76999173029804 3.01483854584529 3.90234719496845 5.68778628174135 5.50431534167351 4.4003801357784
1.70141E+38 1.70141E+38 1E-06 1E-06 1E-06 1E-06 1.70141E+38 1.70141E+38 1.70141E+38 1.70141E+38 1E-06 1E-06 1.70141E+38 1.70141E+38 1.70141E+38 1.70141E+38 1.70141E+38 1.36666054481468 1.53629141299472 2.00567031561641 3.47773216263238 3.83421741918475 3.54685091376799 2.00209218517047 0.575555667680444 0.43578578253912 0.0504238852461301 0.256074770265229 0.172018731170809 0.356647202117967 0.794074257265766 2.49901213941789 2.48986629645266 1.26409672326256 0.76166537363797 0.700442123877341 2.49264305642802 2.48108853071154 1.52133101234876 1.02289677787627 0.925232573284611 0.537900015376525 0.248092475998517 0.218862296623449 0.196682756861818 0.472035195674852 0.991575383407068 1.1386866727262 1.47825847983564 2.32939069964394 2.67875668758573 2.60818881289137 3.0159651273574 3.72652639138643 3.88187932342407 4.08570786704377 6.22555019259164 5.92013774648077 4.68883395263087
1.70141E+38 1.70141E+38 1E-06 1E-06 1E-06 1E-06 1.70141E+38 1E-06 1E-06 1E-06 1E-06 1E-06 0.279778937405382 1.70141E+38 1.70141E+38 1.70141E+38 1.70141E+38 1.05482540524304 1.05972635325499 0.955982521424477 1.08743955769199 1.75628979572808 1.64705027103289 1.37116782783382 0.418683658282606 0.0568493275824025 0.164151626643424 0.600811087177551 1.70141E+38 1.70141E+38 1.70141E+38 0.683724479675063 0.78131809123544 0.647628406623925 0.952378565465656 0.874612395187635 3.12336397154331 3.01063177737609 1.71005236464508 0.948188552173939 0.654033159474185 0.314837168421345 0.145949137965687 0.15068196875344 0.0993105471121616 0.213292166988123 0.52293587747587 0.745804376889393 1.1271182327699 1.81456623705759 2.37848586620677 2.8288557104525 3.40485614882013 4.23491403105235 4.74954666865253 4.94345049611867 6.06437713652132 5.85057525915679 4.86203625775082
1.70141E+38 1.70141E+38 1.70141E+38 1E-06 1E-06 1E-06 1.70141E+38 1E-06 1E-06 0.00662050173330875 0.00474727242188489 1E-06 1E-06 1.70141E+38 1.70141E+38 1.70141E+38 1.70141E+38 0.430874835446399 0.36462927092421 0.415107230956428 0.304336769786618 0.335567702396224 0.652161030715234 0.466842354647974 0.221746851538819 0.00693109806782452 1E-06 0.39469020782933 1.70141E+38 1.70141E+38 0.540459369842031 0.46367679593041 1E-06 1E-06 0.919069494631973 3.09538949979714 5.4545928463116 4.38564705011611 2.03491273615955 0.785207433144878 0.389921889075751 0.194338981153237 0.184614899890005 0.0287526404307946 1E-06 0.0429127674473548 0.0734013501065515 0.111665988414996 0.477087833314369 1.02784424300031 1.82767432376748 2.40188244975518 2.85690996332472 3.82557007414593 4.59871441135513 4.29843252511298 4.40171610266179 5.14891510773825 4.66029713140617
1.70141E+38 1.70141E+38 1.70141E+38 1.70141E+38 1.70141E+38 1.70141E+38 1E-06 1E-06 1E-06 0.0344461665944268 0.0330844139341079 0.0277900100894136 0.014472477604774 1.70141E+38 1.70141E+38 1.70141E+38 1.70141E+38 1.70141E+38 1E-06 0.0451486228641339 0.058964732591518 0.178589033916651 0.228680336402217 0.166798826693397 0.0899768074453529 1E-06 1E-06 0.121032540164901 1E-06 1.70141E+38 1.38696143505698 0.961167927632821 0.699182652159986 0.251454998945117 1.36802722229971 3.44020554283429 6.64179260754571 5.45760690917618 2.34560808537264 0.678804412992084 0.316944981103225 0.333408645459809 0.355111421777207 0.157704246201093 0.0636244145283518 0.0617488311410225 0.0316590121163697 0.0330992882053968 0.0284117922057519 0.370460232187878 0.889890609664129 1.66102708693012 2.24329417637049 3.42244674848399 4.22773208522077 3.75870015261943 3.20727185674456 3.67055874139281 3.69317686719632
1.70141E+38 1.70141E+38 1.70141E+38 1.70141E+38 1.70141E+38 1E-06 1E-06 1E-06 1E-06 0.0418682469621383 1.70141E+38 1.70141E+38 1.70141E+38 1.70141E+38 1.70141E+38 1.70141E+38 1.70141E+38 1.70141E+38 1E-06 1E-06 1E-06 0.0175321396301061 0.0297316563980421 0.0538558731962792 1E-06 1E-06 0.174835908839868 1E-06 0.439925859411703 1.0661865134663 2.58930248132857 1.88314942562174 1.60507671345717 0.775877108014831 1.57383890031053 4.219381145027 5.98740815364018 4.67246358217272 2.5461273177467 0.68529518389716 0.269595335447054 0.326812785684725 0.469401646272554 0.262090898798859 0.123646239001219 0.101134830880287 1E-06 1E-06 0.0260626193669109 0.265768734789958 0.319393056453842 0.875552879104451 1.73840937084232 3.00344419035772 4.12686181929591 3.55452148132563 3.53596922988943 3.78545842708621 3.3176492514724
1.70141E+38 1.70141E+38 1.70141E+38 1.70141E+38 1.70141E+38 1E-06 1E-06 1E-06 1E-06 1.70141E+38 1.70141E+38 1.70141E+38 1.70141E+38 1.70141E+38 1.70141E+38 1.70141E+38 1.70141E+38 1.70141E+38 1.70141E+38 1E-06 1E-06 1E-06 0.0220415880570586 0.0240453523668619 1E-06 0.220267656832434 0.465435644222842 1.73992002359184 3.31828222440189 3.55979405412099 1.70141E+38 4.0878403045631 2.54262913932525 1.34572296496024 1.75940652186398 3.31381498148454 4.1637464653882 3.90969445498278 2.13246448971497 0.702826007200009 0.0871193169112391 0.291483759055171 0.415857280123008 0.306348339588117 0.0154193985798676 0.0721655376810153 1E-06 0.0468647473553358 0.0113851390167547 0.0982484926591215 0.216859652053872 0.39410196839342 0.937371324373664 2.19519137799188 3.72528386211698 4.10363447686106 4.23913725359541 4.63290985631346 4.17887588029072
1.70141E+38 1.70141E+38 1.70141E+38 1E-06 1E-06 1E-06 1E-06 1E-06 1.70141E+38 1.70141E+38 1.70141E+38 1.70141E+38 1.70141E+38 1.70141E+38 1.70141E+38 1.70141E+38 1.70141E+38 1.70141E+38 1.70141E+38 1.70141E+38 1E-06 1E-06 1E-06 0.0177048314032117 1E-06 0.261176508933418 0.799795841366868 3.82561166504972 4.80079521549081 2.87995574704968 1.44554520115927 2.98887215286158 2.22910935398931 1.47698131718143 1.24989989594461 3.59864206874159 4.29385076064887 2.94658857803324 1.6075601444903 0.595517070494667 0.109835434572261 0.11437172593878 0.257121994615054 0.329669436685985 0.116669867979789 0.00500199808800052 0.0775833605002294 0.126429359947612 0.028862305291179 0.123563213703345 0.383737686471448 0.343692675459908 0.443043696104608 1.17848002989222 3.00958265054985 4.59296326639817 5.25050765895521 5.48008138549895 5.38757988813368
