src/test/resources/sample/test1.grd
DSAA
20 20
0 741
0 380
10.0002 99.0002
78.0002 16.0002 90.0002 99.0002 79.0002 55.0002 46.0002 41.0002 49.0002 67.0002 75.0002 30.0002 65.0002 60.0002 19.0002 34.0002 98.0002 80.0002 18.0002 12.0002
68.0002 59.0002 26.0002 65.0002 72.0002 76.0002 32.0002 65.0002 37.0002 26.0002 92.0002 58.0002 65.0002 96.0002 65.0002 41.0002 60.0002 48.0002 51.0002 71.0002
38.0002 17.0002 17.0002 40.0002 32.0002 63.0002 66.0002 19.0002 64.0002 54.0002 97.0002 11.0002 82.0002 62.0002 77.0002 28.0002 90.0002 35.0002 37.0002 13.0002
33.0002 80.0002 13.0002 33.0002 74.0002 26.0002 65.0002 68.0002 95.0002 78.0002 74.0002 59.0002 39.0002 47.0002 73.0002 60.0002 52.0002 85.0002 42.0002 18.0002
20.0002 23.0002 10.0002 82.0002 29.0002 91.0002 76.0002 13.0002 29.0002 46.0002 50.0002 35.0002 21.0002 48.0002 47.0002 57.0002 13.0002 84.0002 66.0002 15.0002
98.0002 97.0002 24.0002 85.0002 80.0002 47.0002 72.0002 45.0002 88.0002 26.0002 76.0002 15.0002 92.0002 28.0002 92.0002 19.0002 80.0002 31.0002 14.0002 83.0002
50.0002 62.0002 49.0002 58.0002 37.0002 48.0002 48.0002 90.0002 99.0002 26.0002 56.0002 67.0002 29.0002 37.0002 20.0002 22.0002 99.0002 24.0002 11.0002 81.0002
28.0002 41.0002 25.0002 12.0002 69.0002 45.0002 43.0002 92.0002 55.0002 38.0002 77.0002 82.0002 80.0002 82.0002 65.0002 46.0002 58.0002 65.0002 58.0002 42.0002
98.0002 81.0002 45.0002 71.0002 69.0002 19.0002 85.0002 65.0002 18.0002 80.0002 20.0002 65.0002 29.0002 32.0002 64.0002 19.0002 47.0002 46.0002 88.0002 91.0002
14.0002 56.0002 44.0002 71.0002 49.0002 74.0002 87.0002 46.0002 71.0002 74.0002 64.0002 43.0002 66.0002 69.0002 82.0002 46.0002 95.0002 53.0002 43.0002 60.0002
59.0002 78.0002 84.0002 75.0002 27.0002 21.0002 62.0002 57.0002 27.0002 55.0002 98.0002 21.0002 76.0002 66.0002 37.0002 52.0002 47.0002 74.0002 31.0002 95.0002
31.0002 49.0002 93.0002 44.0002 26.0002 76.0002 98.0002 60.0002 49.0002 27.0002 23.0002 93.0002 13.0002 37.0002 41.0002 36.0002 71.0002 69.0002 53.0002 38.0002
21.0002 40.0002 28.0002 26.0002 75.0002 52.0002 67.0002 10.0002 41.0002 40.0002 99.0002 31.0002 32.0002 47.0002 39.0002 20.0002 85.0002 49.0002 59.0002 50.0002
23.0002 12.0002 17.0002 10.0002 41.0002 15.0002 18.0002 48.0002 34.0002 11.0002 80.0002 78.0002 30.0002 93.0002 83.0002 91.0002 30.0002 77.0002 69.0002 73.0002
19.0002 98.0002 28.0002 19.0002 28.0002 92.0002 71.0002 65.0002 98.0002 31.0002 51.0002 32.0002 19.0002 13.0002 24.0002 18.0002 32.0002 28.0002 84.0002 69.0002
44.0002 28.0002 75.0002 40.0002 59.0002 31.0002 10.0002 38.0002 63.0002 47.0002 90.0002 18.0002 80.0002 85.0002 41.0002 24.0002 83.0002 98.0002 82.0002 49.0002
44.0002 52.0002 49.0002 12.0002 60.0002 58.0002 68.0002 27.0002 78.0002 75.0002 69.0002 11.0002 93.0002 99.0002 39.0002 90.0002 32.0002 88.0002 60.0002 96.0002
91.0002 42.0002 12.0002 60.0002 41.0002 42.0002 51.0002 34.0002 71.0002 10.0002 34.0002 33.0002 46.0002 44.0002 35.0002 91.0002 79.0002 72.0002 80.0002 10.0002
62.0002 83.0002 60.0002 88.0002 78.0002 88.0002 25.0002 80.0002 55.0002 50.0002 92.0002 95.0002 48.0002 85.0002 57.0002 11.0002 50.0002 89.0002 71.0002 27.0002
17.0002 44.0002 55.0002 78.0002 50.0002 45.0002 65.0002 58.0002 74.0002 47.0002 21.0002 59.0002 17.0002 59.0002 43.0002 18.0002 81.0002 23.0002 81.0002 53.0002
