src/test/resources/sample/test2.grd
DSAA
40 40
0.0 885.3
0.0 445.57500000000005
15.86756721532967 96.86487792192204
[rows 0 to 31 of 40, columns 0 to 39 of 40]
-9999.0 -9999.0 76.08359242893593 75.3492618178582 74.10291942231099 70.39885516509176 68.84214156675964 -9999.0 -9999.0 55.41661954349951 58.21765279708584 65.12093647224367 76.06907992059371 -9999.0 79.92824511023265 -9999.0 -9999.0 -9999.0 -9999.0 -9999.0 -9999.0 -9999.0 -9999.0 -9999.0 -9999.0 -9999.0 -9999.0 -9999.0 -9999.0 -9999.0 -9999.0 -9999.0 -9999.0 -9999.0 -9999.0 -9999.0 -9999.0 -9999.0 -9999.0 -9999.0
-9999.0 -9999.0 76.43767221418226 75.500470186883 73.83633836363427 71.13369494415767 69.56874797359131 -9999.0 -9999.0 54.00161520289603 56.30268262872959 61.82102446719411 72.32964884544471 81.98859243400553 78.87947388596628 75.86188534659995 -9999.0 -9999.0 -9999.0 -9999.0 -9999.0 -9999.0 -9999.0 -9999.0 -9999.0 -9999.0 -9999.0 -9999.0 -9999.0 -9999.0 -9999.0 -9999.0 -9999.0 -9999.0 -9999.0 -9999.0 -9999.0 -9999.0 -9999.0 -9999.0
-9999.0 -9999.0 76.8842770929641 75.71728981126185 73.78591445546323 71.2176571745492 69.30393541504415 61.891724887767786 -9999.0 53.043044278359126 54.18846988387099 56.3819156990913 66.00821198192637 75.64999276737413 76.70777466217615 73.83017478876165 -9999.0 -9999.0 -9999.0 -9999.0 -9999.0 -9999.0 -9999.0 -9999.0 -9999.0 -9999.0 -9999.0 -9999.0 -9999.0 -9999.0 -9999.0 -9999.0 -9999.0 -9999.0 -9999.0 -9999.0 -9999.0 -9999.0 -9999.0 -9999.0
-9999.0 -9999.0 77.37455348181018 75.78407472321496 73.58194884861742 70.68693867813653 68.98559091692243 61.10202998432242 52.56496074213893 52.297150836772865 51.320706536135 49.074643948660395 56.96908778147638 69.14226514016673 72.95324609955364 70.99188037774601 71.72716312503955 63.05126592325636 -9999.0 -9999.0 -9999.0 -9999.0 -9999.0 -9999.0 -9999.0 -9999.0 -9999.0 -9999.0 -9999.0 -9999.0 -9999.0 -9999.0 -9999.0 -9999.0 -9999.0 -9999.0 -9999.0 -9999.0 -9999.0 -9999.0
-9999.0 -9999.0 77.55646038099461 75.32559007395426 73.18110644770974 70.04201645009488 67.3686148899385 59.01646101689605 52.678049202958725 51.14399462612226 47.87737969230599 41.748953527123 47.843973818407555 62.16053065136604 69.03594940846361 68.0032090574868 67.29741672884829 66.75342540163311 -9999.0 -9999.0 -9999.0 -9999.0 -9999.0 -9999.0 -9999.0 -9999.0 -9999.0 -9999.0 -9999.0 -9999.0 -9999.0 -9999.0 -9999.0 -9999.0 -9999.0 -9999.0 -9999.0 -9999.0 -9999.0 -9999.0
-9999.0 -9999.0 77.4423094550809 74.5418185600306 72.37635222930919 68.71161936289508 64.30373369999053 56.10649599187263 50.678780600225885 48.314410215863866 43.55791823271384 37.41507544711448 42.345679157262786 57.14045237562825 65.14028092727423 63.87967560838076 62.24129656561429 63.3391211897528 63.07831586546584 -9999.0 -9999.0 -9999.0 -9999.0 -9999.0 -9999.0 -9999.0 -9999.0 -9999.0 -9999.0 -9999.0 -9999.0 -9999.0 -9999.0 -9999.0 -9999.0 -9999.0 -9999.0 -9999.0 -9999.0 -9999.0
-9999.0 -9999.0 77.48968954564592 74.5343858628022 71.66881453765708 66.62943859450203 59.83171337699594 51.609493623013016 46.741338480023394 44.287862996908 40.031892531401866 37.14963182272823 41.89647790897839 56.161264554503106 62.845246659198544 60.614897489973615 58.610912470943525 61.81553322258919 62.629569427460844 61.5827033366856 -9999.0 -9999.0 -9999.0 -9999.0 -9999.0 -9999.0 -9999.0 -9999.0 -9999.0 -9999.0 -9999.0 -9999.0 -9999.0 -9999.0 -9999.0 -9999.0 -9999.0 -9999.0 -9999.0 -9999.0
-9999.0 -9999.0 77.08229720990403 74.2480291526857 70.22244887269004 63.48059685173466 53.79467954135785 45.16585199143876 41.10874617596631 40.29078698180726 37.203344052786626 37.83488327751882 44.06884700322669 56.34757616401247 62.302830050904745 59.26268172120748 56.736691063523146 61.36163500624743 62.35878378624968 59.80733725600166 -9999.0 -9999.0 -9999.0 -9999.0 -9999.0 -9999.0 -9999.0 -9999.0 -9999.0 -9999.0 -9999.0 -9999.0 -9999.0 -9999.0 -9999.0 -9999.0 -9999.0 -9999.0 -9999.0 -9999.0
75.18675549143043 76.19449993641788 75.45847627500875 72.0190709982784 67.83419940787059 59.27677236762256 45.681370908021684 36.469832628145674 35.27626255679043 36.38798734580731 34.976188845648046 36.34454598546358 46.52809562421998 56.37544305173658 63.38688170234 61.21003181564121 59.15220031218675 63.44541126137359 62.56424143099148 57.12317255180484 -9999.0 -9999.0 -9999.0 -9999.0 41.779758750526156 -9999.0 -9999.0 -9999.0 -9999.0 -9999.0 -9999.0 -9999.0 -9999.0 -9999.0 -9999.0 -9999.0 -9999.0 -9999.0 -9999.0 -9999.0
73.87361176540573 74.1698619057243 73.50921181577243 69.24327507742106 64.65788441876236 53.74343036728346 36.58642967288825 28.43509105294426 29.702443736773837 31.750952483832165 33.135053395346105 35.00130208497752 44.59025036542916 55.70604190787868 64.81009753413814 67.04868806278638 67.61270888955096 67.84897998385236 63.47301688056161 57.00112865324296 59.04941594930744 -9999.0 -9999.0 47.15789336861397 40.20369180236153 -9999.0 -9999.0 -9999.0 -9999.0 -9999.0 -9999.0 -9999.0 -9999.0 -9999.0 -9999.0 -9999.0 41.412048649655205 -9999.0 -9999.0 -9999.0
68.71785240363286 69.81624683143652 69.56355674173585 65.34609752366893 61.04376698277458 50.421882187965736 31.073355675893055 23.428396479742695 25.78739038650864 29.59831337208152 31.777579910453248 32.69610507426495 44.85270847339262 55.33693282069948 65.85695920840146 77.11238877083768 80.45630413467319 74.06072214284723 65.44222568483619 61.962661868922034 82.62114970435671 -9999.0 -9999.0 44.65845791037177 38.16357630452958 -9999.0 -9999.0 -9999.0 -9999.0 -9999.0 -9999.0 -9999.0 -9999.0 -9999.0 -9999.0 -9999.0 39.77840332050186 35.566394320267975 -9999.0 -9999.0
64.80231384100396 66.19161935323427 66.16785413122955 62.252637161374324 59.50313388586537 -9999.0 25.986569771747718 19.767629109042282 -9999.0 28.996156335886422 31.10567928237662 -9999.0 45.46035060837769 56.08396809268216 68.23509429077173 -9999.0 94.68129819642259 79.86432147599746 68.1908077491027 63.744023708185345 72.05114944421341 -9999.0 -9999.0 40.65606753035753 -9999.0 -9999.0 -9999.0 -9999.0 -9999.0 -9999.0 -9999.0 51.359707095226824 -9999.0 -9999.0 -9999.0 -9999.0 -9999.0 -9999.0 -9999.0 -9999.0
-9999.0 62.69382173787755 62.62155860090912 58.78207518994944 51.99826170640941 -9999.0 -9999.0 -9999.0 -9999.0 -9999.0 -9999.0 -9999.0 -9999.0 56.216798888369084 69.1133970124053 -9999.0 96.86487792192204 81.65070439178768 69.82515187323969 64.10425892065345 66.60993376307034 -9999.0 -9999.0 34.97114757541256 -9999.0 -9999.0 -9999.0 -9999.0 -9999.0 -9999.0 46.93027548723201 47.72579066333675 -9999.0 -9999.0 -9999.0 -9999.0 -9999.0 -9999.0 -9999.0 -9999.0
-9999.0 -9999.0 58.82563160939649 55.15725894402895 46.98721890608932 -9999.0 -9999.0 -9999.0 -9999.0 -9999.0 -9999.0 -9999.0 43.234369740151614 56.77348203556269 70.19634658227332 84.98514866546381 87.60044315610907 78.79584926633896 69.78127702854682 63.37469173948085 62.4620972192216 -9999.0 -9999.0 28.04370522768727 -9999.0 -9999.0 -9999.0 -9999.0 -9999.0 40.39285568381449 46.32014841054919 49.414126510877644 55.74250097072744 -9999.0 -9999.0 34.24454830327364 -9999.0 -9999.0 -9999.0 -9999.0
-9999.0 56.54720642394973 56.698131227463655 53.51053918895142 51.47884220300532 46.73691606642336 -9999.0 -9999.0 -9999.0 -9999.0 -9999.0 -9999.0 -9999.0 61.132555628490785 68.64683586502791 75.64217805727239 76.9759506043011 73.51120753247505 68.4610002184257 61.98276342579093 58.209270885817354 -9999.0 -9999.0 -9999.0 -9999.0 -9999.0 -9999.0 -9999.0 -9999.0 40.95266016853752 46.85408433140288 51.30591462137662 56.915728494681254 52.31730063383097 -9999.0 33.2661766222049 -9999.0 -9999.0 -9999.0 -9999.0
-9999.0 -9999.0 -9999.0 58.12206333768873 54.76469952644672 51.46883053365991 -9999.0 -9999.0 -9999.0 -9999.0 -9999.0 -9999.0 49.413998997898794 61.65115652883359 65.94758333818154 66.6994368482467 66.15339828583558 67.97968311123363 66.74571032371466 59.4997070948455 50.14153439815164 -9999.0 20.355314073731797 17.08375842753605 -9999.0 -9999.0 -9999.0 28.843117323744323 -9999.0 41.583765443986806 47.73420964780694 53.30900085132024 60.58396329323698 56.94024483043321 -9999.0 42.332031331196305 -9999.0 -9999.0 -9999.0 -9999.0
-9999.0 56.65237681144514 54.7133419404902 57.3433283277216 57.23612025130794 55.21063923405955 47.92061529483406 45.76828873232394 -9999.0 -9999.0 -9999.0 -9999.0 54.538516918634706 62.954773891071135 64.21627433436322 59.73010236520587 57.36591879480415 63.345752465602224 65.33387803989851 57.6599161546925 47.11133046574552 34.362489151004496 20.64721579513658 15.86756721532967 19.24472829008369 -9999.0 -9999.0 -9999.0 -9999.0 41.391371858879495 -9999.0 -9999.0 67.93017888783145 62.845617001426014 56.015266575997416 61.4133225054557 66.38913543334642 -9999.0 -9999.0 -9999.0
52.25114549158201 53.22332917812863 53.368767047487516 56.58432439995364 59.65746716821092 59.733295104484874 55.04021575967554 52.795141071587075 50.15115736244131 -9999.0 -9999.0 -9999.0 59.36844536495597 65.85384960252182 64.36048471690651 56.638231002162534 53.19480005975029 60.84789423784534 63.93460827490045 55.80141096149236 45.55466284955748 33.540989467651436 19.728879894245562 -9999.0 20.448551853073486 23.975720611276838 -9999.0 -9999.0 -9999.0 -9999.0 -9999.0 -9999.0 75.27129071845458 69.42125399646282 65.9329373280896 73.19313645923368 75.39071679676329 -9999.0 -9999.0 -9999.0
50.948034794101616 49.901168213569925 52.147435499322874 57.36670321256215 62.13745879148403 65.32632535496953 -9999.0 59.822406421583466 57.349783094688746 -9999.0 -9999.0 62.19566689575136 64.55382578038083 68.56504119449741 67.78677962989539 59.199462770458986 54.85210349416618 61.055136064630624 62.851997100778284 52.63073257115655 43.40399164176833 33.53029099901968 22.34260512771331 -9999.0 -9999.0 25.219117292009788 -9999.0 -9999.0 -9999.0 -9999.0 -9999.0 -9999.0 83.66187872814388 74.62333052159872 70.29995634881868 76.23659974558588 76.5301215502041 -9999.0 -9999.0 -9999.0
49.77824466830479 49.86159139180409 52.91236721957193 59.311755288312504 64.88815221701671 70.01860338782112 74.44308103729634 67.43709442993816 64.46050646837394 -9999.0 -9999.0 70.22514342792063 68.84249350853966 70.553413771453 73.42739909195474 66.9036695157012 61.33936534840299 63.43829565683844 63.05820066642568 53.418188026991196 41.91010411807381 33.26641532483654 26.95440156944896 -9999.0 -9999.0 26.830031253889853 26.949451398126403 27.670756196919864 -9999.0 -9999.0 -9999.0 -9999.0 88.19166122332967 76.60582601970421 71.40937239099178 75.10292814206632 72.65482703683077 61.42132310814792 -9999.0 -9999.0
46.42045914169898 49.16904848525882 54.253040796110376 61.99213115181128 67.79473371052929 74.60321231073038 -9999.0 76.36609140605746 -9999.0 -9999.0 -9999.0 76.45128569191819 72.3433071486806 72.9707175210401 -9999.0 76.79393558393033 68.89016220227009 65.99230447799349 62.5270994279314 54.48106695499503 44.34011716271444 35.937063687917885 30.989767371532526 29.95048151580713 -9999.0 29.06414852067008 27.94536397016678 28.003102183484053 34.52470661282322 -9999.0 -9999.0 -9999.0 81.88846236108355 74.65221870502653 70.64558482970517 73.54688781625856 71.78093165483308 60.83174490639933 -9999.0 -9999.0
43.515521047179675 47.14598234839449 54.52751022857933 64.15129815199629 70.74557305493923 79.63657724382189 82.4045430198163 -9999.0 -9999.0 -9999.0 -9999.0 79.13996739284384 74.78800077688379 75.77381034059552 79.03103143557297 80.7814945542186 73.15155518527916 67.25006468905917 63.423917722196514 57.99720814684635 47.97681644180903 38.37317952675364 33.117040169455514 32.00310555622194 31.342682407904643 30.243160679708076 28.628512241769936 -9999.0 -9999.0 -9999.0 -9999.0 -9999.0 71.56274787550824 70.78351621484026 68.90970108189588 71.58988091675711 69.96405586886252 59.952975575751665 -9999.0 -9999.0
39.82679565593857 42.95097730608854 51.20408906085395 64.22958620674052 72.52334737015144 82.72348268115975 82.9514300320592 -9999.0 -9999.0 -9999.0 88.08196658995824 82.04469576309769 78.58633714206529 76.37146550120822 78.2071802941966 81.21654527657842 75.0805782476173 68.37402964258199 63.606395162429656 59.488222089708984 51.78452754401255 40.022225138911814 33.87601467940454 32.96824288831252 32.55624013780345 31.343118077630066 31.05252951188642 29.41720184960987 -9999.0 -9999.0 -9999.0 -9999.0 63.75893091827438 68.05046785381417 67.33074630722643 70.01592567494174 69.66638242519981 -9999.0 -9999.0 -9999.0
36.01357301719324 36.3354013842237 42.88865281529929 59.750396117324264 70.90168614120745 81.89623507889173 82.34333265818822 81.91828875519555 -9999.0 -9999.0 -9999.0 84.11672586949754 78.50064540191511 75.7327104266476 76.0555003557095 78.27845669267674 74.71317486765025 68.62908643747642 63.537680886075755 61.01220106421538 -9999.0 39.86421524154368 33.601020551819055 32.776221682507156 32.989988740061854 31.72847145958303 -9999.0 30.12195059036089 -9999.0 -9999.0 -9999.0 -9999.0 -9999.0 66.24966039370213 67.0818637601837 -9999.0 -9999.0 -9999.0 -9999.0 -9999.0
34.92613748234175 31.639381905039503 35.575059218197445 54.30563185949581 67.21769897708171 77.79654020326089 80.83743693034948 81.38583807301431 -9999.0 -9999.0 -9999.0 82.23879638481522 76.90750859898499 74.96686656322674 75.27971560913065 75.79942309408014 73.22987893300791 68.48453526668163 63.03733018045506 -9999.0 -9999.0 -9999.0 31.9001507280619 31.328707509732588 32.93074759930618 -9999.0 -9999.0 30.87741005121369 -9999.0 -9999.0 -9999.0 -9999.0 -9999.0 64.38769549122362 64.74323399931576 66.92665678821359 67.81071111005505 71.33155057184524 -9999.0 -9999.0
33.051830684143795 30.988479109022677 35.12633071851932 51.95947668840163 63.89919809528846 72.5297400690314 78.72967670491619 80.58331002305795 -9999.0 -9999.0 -9999.0 78.94888094682665 74.43840845005221 73.90528434120066 74.55012412144103 74.29589564742875 72.04237490140278 68.58471133301447 -9999.0 -9999.0 -9999.0 -9999.0 -9999.0 30.820163251035282 -9999.0 -9999.0 -9999.0 31.607643335345067 -9999.0 -9999.0 -9999.0 -9999.0 -9999.0 59.343335697558466 64.08919998637371 64.94144535758895 67.09476848007205 71.41116642858593 -9999.0 -9999.0
30.826139520187475 30.738421130241694 38.200911072853806 53.236668998831064 62.37069776089182 67.63105478949228 77.6084534656092 -9999.0 -9999.0 -9999.0 -9999.0 76.09894535423525 71.55518256391919 71.7030828425533 73.64817452927971 73.70859842502055 71.04979880635348 -9999.0 -9999.0 -9999.0 -9999.0 -9999.0 -9999.0 32.04732110883504 33.99606069092817 35.049409067626904 33.87335682709936 32.18023659080088 -9999.0 -9999.0 -9999.0 48.01197234420229 -9999.0 58.73688566843582 64.4698402070493 63.606134167943296 66.17639432789275 -9999.0 -9999.0 -9999.0
26.987189002089142 26.512000488807722 39.70726527087803 56.27022712643356 63.40037239878706 65.74485387797606 75.88784897287411 -9999.0 -9999.0 -9999.0 -9999.0 71.61068829720311 67.08980832252968 67.82716271895302 71.72904757981868 73.54654057154063 72.07654314905642 -9999.0 -9999.0 -9999.0 -9999.0 -9999.0 -9999.0 35.41403323730668 35.585089480073044 35.625285289365216 33.51149360097876 -9999.0 -9999.0 -9999.0 -9999.0 48.61858946201872 54.82919987916052 57.905477414303455 -9999.0 -9999.0 -9999.0 -9999.0 -9999.0 -9999.0
24.833049854391074 23.042970354377594 40.19021322893517 58.00682690139208 64.19215418099891 64.43276081309992 71.1718090285572 -9999.0 -9999.0 -9999.0 -9999.0 69.07577916296609 63.32401582092806 64.32448958588654 69.91492703797469 71.53965198055423 66.70222868455872 60.97529397720795 -9999.0 -9999.0 -9999.0 -9999.0 39.93941111598706 37.30099327254398 37.81343712315658 37.13909940073649 33.932447188107005 -9999.0 -9999.0 -9999.0 -9999.0 -9999.0 -9999.0 -9999.0 -9999.0 -9999.0 -9999.0 -9999.0 -9999.0 -9999.0
24.60433014565924 24.911515549462862 42.217930641553366 57.428256106321236 62.896695213891526 62.111752355945754 -9999.0 -9999.0 -9999.0 -9999.0 -9999.0 68.43658122248007 61.95594755070615 62.710411710001644 66.71396988474268 65.28533411257729 62.62842962108547 56.539371310319645 -9999.0 -9999.0 -9999.0 51.170124054396645 44.45810817319897 40.71822935112528 41.23063892714367 39.9987522057097 35.88459130100932 -9999.0 -9999.0 -9999.0 -9999.0 -9999.0 -9999.0 -9999.0 -9999.0 -9999.0 -9999.0 -9999.0 -9999.0 -9999.0
28.731904730291827 32.83934311553729 48.44874697443948 56.9454502141183 61.16569773566747 64.94005864522217 71.88616708727245 -9999.0 -9999.0 -9999.0 -9999.0 -9999.0 62.63957354191971 64.28868528827508 65.08237961024167 62.40831658793886 57.898000591049474 -9999.0 -9999.0 -9999.0 -9999.0 57.8000933048286 52.435526393205045 46.22543147164104 46.15796361687412 44.64983844688167 39.81200035666733 -9999.0 -9999.0 -9999.0 -9999.0 -9999.0 -9999.0 -9999.0 -9999.0 -9999.0 -9999.0 -9999.0 -9999.0 -9999.0
34.161252686908036 42.078515963652016 55.085524596967154 57.43801656931567 59.90886505088018 64.63206238866171 -9999.0 -9999.0 -9999.0 -9999.0 -9999.0 70.44869251108585 69.3582360942969 69.63127056566827 65.4979219426778 59.26628559835935 52.65466505268888 -9999.0 -9999.0 -9999.0 60.032768445415044 67.79372539933267 59.55300660249748 55.07969982745724 52.290455279336314 51.53350125504724 -9999.0 -9999.0 -9999.0 -9999.0 -9999.0 -9999.0 -9999.0 -9999.0 -9999.0 -9999.0 -9999.0 -9999.0 -9999.0 -9999.0
