src/test/resources/sample/uwnd.grd
DSAA
73 46
0 360
-90 90
-18.9862208502197 80.9467720849609
[rows 0 to 19 of 46, columns 0 to 44 of 73]
-0.423694147338867 -0.447310938110352 -0.470925821533203 -0.482734216918945 -0.49454451965332 -0.506352915039063 -0.506352915039063 -0.506352915039063 -0.506352915039063 -0.506352915039063 -0.49454451965332 -0.482734216918945 -0.459119333496094 -0.435502542724609 -0.411885751953125 -0.388270868530273 -0.352843775024414 -0.31742049621582 -0.281995310058594 -0.246570123901367 -0.211146845092773 -0.163913263549805 -0.128489984741211 -0.0812564031982422 -0.0340228216552734 0.0132107598876953 0.0486340386962891 0.0958676202392578 0.143101201782227 0.178526387939453 0.225756154785156 0.261183248291016 0.296608434448242 0.332031713256836 0.367456899414063 0.402880178222656 0.426498876342773 0.450113759765625 0.461922155151367 0.485538945922852 0.497347341308594 0.509155736694336 0.509155736694336 0.509155736694336 0.509155736694336
-0.222955240478516 0.0368256433105469 0.379265294799805 0.792553411254883 1.24126480651855 1.71359299255371 2.19773148132324 2.6700596673584 3.05973099304199 3.34312866760254 3.48482750488281 3.47301910949707 3.29589508605957 2.98888252807617 2.59920929504395 2.15049789978027 1.68997810913086 1.30030487609863 0.981483922729492 0.768936620483398 0.662662969360352 0.686277852783203 0.827978597412109 1.06414269042969 1.38296364379883 1.80806015563965 2.25677345825195 2.74091003967285 3.24866341186523 3.76822517944336 4.31140373779297 4.83096550537109 5.35052536560059 5.87008904052734 6.38965080810547 6.81474541259766 7.19260834289551 7.47600601745605 7.6649384362793 7.71217201782227 7.59408806396484 7.3106903894043 6.86197899414062 6.165293203125 5.29148529602051
-1.91152907775879 -2.67906524108887 -3.18681861328125 -3.52925635742187 -3.7772288458252 -3.98977805541992 -4.14328433441162 -4.21413375305176 -4.17870952056885 -4.17870952056885 -4.29679156707764 -4.66284610198975 -5.3122983114624 -6.09164096282959 -6.91821719573975 -7.61490203308106 -8.09903956817627 -8.2289300100708 -8.03999854492188 -7.60309363769531 -6.95364142822266 -6.20972300933838 -5.4894223348999 -4.81635333465576 -4.2259421484375 -3.68276359008789 -3.22224284576416 -2.79714728759766 -2.36024238037109 -1.8761057989502 -1.3093104498291 -0.801557077636719 -0.376462473144531 -0.0104079382324219 0.35564850402832 0.733511434326172 1.06414269042969 1.35934685302734 1.64274452758789 2.02060936523438 2.50474594665527 3.09515617919922 3.74460838867188 4.41767738891602 4.96085594726562
-1.9705710546875 -2.01780463623047 -1.98238135742187 -1.99418784545898 -2.11226989196777 -2.32481719421387 -2.62002326416016 -2.92703582214355 -3.09235240386963 -2.99788714813232 -2.64364005493164 -2.10046340393066 -1.46281768249512 -0.93144751953125 -0.695283426513672 -0.884213937988281 -1.49824286865234 -2.147695078125 -2.43109275268555 -2.19492675231934 -1.55728293823242 -0.836982263793945 -0.31742049621582 -0.0576396124267578 -0.0458312170410156 -0.234761728515625 -0.529967798461914 -0.718898309936523 -0.624434961547852 -0.152104868164062 0.627237783203125 1.39477203918457 2.13869141174316 2.95345734191895 3.57929466796875 3.89811562133789 3.63833473754883 2.75271843505859 1.47742889953613 0.119484411010742 -0.919641031494141 -1.58089972900391 -1.82887221740723 -1.6163230078125 -0.978681101074219
-0.270186914672852 -0.506352915039063 -1.12037993835449 -1.80525733398437 -2.17131186889648 -2.36024238037109 -2.58459998535156 -3.09235240386963 -3.87169600891113 -4.5565724508667 -4.66284610198975 -3.87169600891113 -2.13588668273926 -0.0222144262695313 1.89071701599121 2.75271843505859 1.68997810913086 -0.258380426635742 -1.78163863586426 -2.33662749694824 -2.19492675231934 -1.85248900817871 -1.42739249633789 -0.907832636108398 -0.305612100830078 0.497347341308594 1.44200562072754 2.35123871398926 3.08334778381348 3.6855683190918 4.32321022583008 5.06712959838867 6.18891190124512 7.86567925048828 9.80222557617187 11.2546391351318 12.3646111352539 13.0612950189209 13.226608739624 12.6598152978516 11.4081444604492 9.67233704162598 7.72397850585937 5.69296501708984 3.92173050476074
5.58668945861816 3.9925808770752 1.97337578369141 -0.0812564031982422 -1.54547454284668 -2.28939391540527 -2.53736640380859 -2.58459998535156 -2.40747596191406 -1.88791419433594 -1.28569556640625 -1.10857154296875 -1.17942000793457 -1.52185965942383 -1.82887221740723 -1.52185965942383 -0.258380426635742 0.650854573974609 1.20584152770996 1.59551094604492 1.35934685302734 0.615429387817383 0.450113759765625 1.07595108581543 2.51655434204102 4.84277390075684 7.01548622680664 8.16088532043457 8.10184334350586 7.3106903894043 6.75570534301758 6.9682545526123 7.71217201782227 8.52693985534668 9.23543213439941 9.99115799499512 11.1129383905029 12.6125836236572 14.336586461792 16.0960087640381 17.5011868341064 18.4104199273682 18.6347775323486 17.9026684625244 16.1196255548096
8.98745964599609 7.91291092468262 6.40145920349121 4.81915710998535 3.48482750488281 2.4929356439209 2.06783913208008 2.32762192321777 3.00069092346191 3.75641678405762 4.29959534240723 4.47671936584473 4.0870461328125 3.43759392333984 2.19773148132324 0.686277852783203 0.0722508294677734 0.887018666992187 2.04422424865723 3.21323822570801 4.37044380737305 5.24425362182617 5.1970200402832 4.65384148193359 4.70107506347656 5.77562378479004 6.63762329650879 6.63762329650879 6.09444473815918 5.51584099365234 5.30329369140625 5.8582806451416 6.8265538079834 8.01918457580566 9.61329506469727 11.1955971582031 12.4354596002197 13.2384190423584 13.7225537164307 14.0177616937256 14.3956265313721 15.2103924615479 16.6746106011963 18.7056240899658 20.4178204400635
5.71658180786133 8.71587036682129 10.7823109490967 11.4908032281494 11.2428288323975 11.136557088623 11.5970768792725 12.8841748101807 14.3956265313721 15.3284764154053 15.1867756707764 13.9587178094482 11.7978176934814 9.93211601806641 8.58597992492676 7.54685638977051 6.6140065057373 6.54315613342285 7.12175987792969 8.33800743652344 9.90850113464355 10.8767742974854 10.522528157959 8.64502190185547 5.5040325982666 2.04422424865723 -0.718898309936523 -2.04142142700195 -1.58089972900391 0.733511434326172 4.28778694702148 7.84206055236816 10.8059258325195 13.1439518792725 15.1159252984619 16.4148297174072 16.7926945550537 15.4701733453369 12.8487477166748 9.69595192504883 7.29888390136719 6.59038971496582 8.39704941345215 13.1793789727783 18.9654049737549
13.1911892755127 15.8008046014404 17.5129971368408 18.1270260675049 18.6347775323486 19.5676274163818 21.0908856256104 23.3462605340576 25.9794926507568 28.4828343255615 30.0887532098389 29.9470562799072 27.8688053948975 24.9639859063721 22.3071331842041 21.0790791375732 21.7521481378174 23.7005047662354 25.8023686273193 27.3374371392822 27.6680683953857 26.3573574884033 23.4407276971436 19.2133793695068 14.3483929498291 8.85756920410156 5.35052536560059 5.1970200402832 8.12545822692871 13.2029957635498 19.1425289971924 23.6296543939209 26.3927807672119 27.5027546746826 27.0658459527588 25.8023686273193 24.243683324585 21.4097103936768 16.7454609735107 11.1955971582031 7.39334915710449 7.3106903894043 11.2664475305176 18.0443692071533 24.4090008599854
37.4452767236328 35.3316063745117 31.6592488153076 27.5617947442627 25.4599308831787 25.6960949761963 27.9278492791748 32.3086953027344 37.4216637475586 42.4165367944336 46.0888924462891 47.1398262841797 45.1560463769531 41.9914421899414 39.3700203759766 38.1655831201172 39.5589470727539 42.428347097168 45.1678566796875 46.9508995874023 47.4586510522461 45.746462331543 40.8106179101563 33.6075997216797 26.4400143487549 20.8311047418213 19.5794377191162 21.5632176263428 25.7551350457764 31.0452198846436 35.3434090478516 36.7131676538086 36.1817955834961 34.5994973046875 31.36404465271 27.9868893487549 24.6805844171143 21.6931080682373 18.2569165093994 14.5373234613037 12.7188591821289 14.0768017633057 17.2059826715088 20.2170796258545 22.696808324585
49.1236138208008 43.9516014916992 36.9139046533203 30.8917164666748 28.199436651001 29.5101475579834 35.0127816064453 44.7073311669922 54.0948738916016 59.5030388696289 60.7547097070313 58.6882653100586 53.6343483789063 48.3206505639648 44.9316887719727 43.8925652368164 45.4040245874023 47.6357750756836 48.9346794946289 49.7848763330078 50.1745400292969 48.6630959375 44.4239373071289 37.4216637475586 30.9035191400146 27.0304264886475 27.2193531854248 30.5374684197998 35.0364022119141 38.4253563745117 38.4489769799805 34.9301247460938 31.4703144891357 29.2385640008545 26.5344776971436 23.3108334405518 18.8945584161377 15.7535748345947 14.4074330194092 15.0568852288818 16.3085598809814 17.0406689508057 15.8598446710205 13.5454335076904 13.3328862054443
38.6024803979492 36.0637154443359 31.1751103265381 27.7625355584717 27.7507252557373 33.0644249780273 43.5855584008789 54.5199684960938 58.0152077539063 56.314821706543 52.8077721459961 48.356081472168 42.6290840966797 37.4452767236328 35.0364022119141 35.0718254907227 35.8393578393555 36.0873284204102 35.8039345605469 35.3788399560547 35.6976570947266 35.8275475366211 34.4932198388672 30.7736325128174 27.2193531854248 26.3809742791748 29.0142025811768 33.9264244897461 37.1500725610352 36.1581826074219 31.1042599542236 24.0075192315674 20.7602581842041 21.1617359979248 22.2008633477783 20.0163388116455 14.4310498101807 11.6679253442383 10.9240078790283 14.2893490655518 18.5048870904541 19.532200322876 15.021458135376 9.02288483215332 7.60589645935059
22.7086148126221 22.9683956964111 23.2163662774658 25.0702595574951 30.65554855896 38.5198235375977 44.1995797021484 42.074099050293 35.1544823510742 30.5610852105713 27.4437146051025 22.7204213006592 18.6465840203857 18.7410511834717 20.7484478814697 21.5277905328369 19.732941137085 18.3986134393311 18.1152157647705 18.2805333001709 19.6266674859619 21.4923672540283 23.0274395806885 22.7440380914307 22.6259579522705 24.6451649530029 29.2031369073486 31.9662594659424 30.2776837213135 24.7632450921631 18.339573369751 13.3565029962158 13.982338414917 14.7971043450928 11.927708135376 13.7461743218994 14.7734875543213 19.8746418817139 26.9477658135986 35.0600151879883 39.4290566308594 36.3353066308594 24.1374096734619 8.99926804138184 4.96085594726562
11.880474553833 11.9749398095703 16.7572674615479 26.8060650689697 34.6112999780273 34.42237328125 27.2429699761963 17.583843694458 9.95573471618652 8.76310394836426 7.4878144128418 1.71359299255371 1.28849838806152 7.61770485473633 12.9195961816406 11.1483654840088 5.20882843566894 5.83466385437012 7.68855522705078 9.15277336669922 11.3254876000977 14.08861206604 17.8436283929443 20.4532437188721 20.8547215325928 23.0510525567627 24.9521756036377 21.5986409051514 15.9661183221436 10.0265831811523 8.64502190185547 11.6325020654297 12.1874871118164 3.29589508605957 -1.12037993835449 10.2981705529785 24.4798474176025 37.2563423974609 47.1280236108398 53.1029839379883 55.3465447290039 51.709612355957 37.031992421875 12.6952423913574 3.30770348144531
9.40074585510254 12.4708866937256 22.2599034173584 32.3205056054688 30.0415196282959 18.7174343927002 6.83836220336914 2.35123871398926 1.56008766723633 1.64274452758789 2.12688110900879 2.87080048156738 5.81104706359863 9.93211601806641 10.8531594140625 4.46491097045898 -1.78163863586426 2.12688110900879 4.86638878417969 7.05091141296387 9.12915848327637 12.5299267633057 16.3203663690186 20.0635723931885 21.893845067749 24.0665593011475 23.5824246270752 20.2288899285889 16.3675999505615 8.65682838989258 8.92841766906738 13.7107472283936 9.83765266967773 -0.470925821533203 4.44129227233887 20.9373822076416 31.2459606988525 35.4260735375977 37.6932473046875 38.5080132348633 41.4718804223633 43.6445946557617 40.172976003418 21.4451336724854 7.10995148254394
20.8074917657471 24.4208073480225 27.4437146051025 25.2473835809326 16.5801434381104 5.81104706359863 3.18962143493652 8.8693775994873 12.6007752282715 12.8251309259033 15.4583668572998 21.4923672540283 21.893845067749 15.6118702752686 9.37713097167969 3.41397903991699 1.65455292297363 4.76011704040527 8.19630859924316 12.4826912744141 17.1351361138916 20.6303677423096 22.0827793939209 22.3307499749756 23.7359318597412 27.6680683953857 31.42308472229 33.3360161645508 33.406862722168 28.3647503717041 19.43773315979 16.6273808343506 10.2981705529785 3.79184006286621 11.0066647393799 23.8422055108643 27.1248898370361 23.4053006036377 20.6775975091553 21.3742871148682 26.5817112786865 30.454807744751 31.8836026055908 27.6090283258057 16.9225849969482
23.2517933709717 21.8584217889404 17.7137379510498 12.9786381585693 7.79482887817383 7.32250069213867 14.3602032525635 19.7447514398193 19.9691052301025 16.9580120904541 17.5248036248779 24.2909169061279 23.6060414178467 14.6554074151611 7.94833611083984 8.89299439025879 14.1358418328857 18.2214894158936 21.2325863702393 22.8385052545166 22.9802021844482 20.7484478814697 20.8074917657471 21.0672726495361 21.9765019281006 27.1839299066162 33.1588921411133 34.2452492578125 35.0954384667969 36.1581826074219 32.2732796533203 25.2001499993896 17.0288586480713 10.522528157959 18.7174343927002 23.7831616265869 18.8119015557861 11.9513230187988 9.22362373901367 11.9749398095703 19.7683644158936 23.3344502313232 23.2754101617432 24.7750515802002 20.9373822076416
13.5926670892334 11.526226506958 9.28266380859375 7.77121208740234 6.85017250610352 10.676035390625 13.1085286004639 10.5933766229248 8.53874634338379 7.65313004089355 8.03099297119141 14.02957199646 15.9070782525635 10.723268972168 7.44058273864746 13.8760609490967 26.0031094415283 29.6872715814209 28.2348637445068 24.550697789917 21.055466161499 17.5956539971924 17.1233258111572 17.7609677178955 17.1115155084229 18.6583943231201 21.4805607659912 20.7484478814697 20.4886708123779 23.5115742547607 25.8141789300537 26.3573574884033 25.4245037896729 24.6215443475342 27.2783970697021 18.4340405328369 10.3099808557129 7.79482887817383 5.58668945861816 5.42137764526367 10.2509388787842 15.1631626947021 16.2613224847412 17.583843694458 17.5602269036865
3.86269043518066 5.49222611022949 5.8582806451416 3.56748627258301 2.61101769042969 5.46860741210937 4.28778694702148 0.213949666748047 2.19773148132324 2.37485550476074 1.61912773681641 4.94904755187988 8.06641815734863 9.43617104125977 12.6007752282715 20.5595173699951 27.1721234185791 25.5543980462646 20.346970067749 15.6000637872314 14.2539257867432 15.1631626947021 16.1550526483154 15.0805020196533 10.5343365533447 7.20441864562988 9.09373329711914 8.95203445983887 8.78671883178711 10.7114586694336 11.6797356469727 14.3483929498291 21.6222576959229 27.8451924188232 23.0982861383057 10.9240078790283 4.32321022583008 3.92173050476074 1.65455292297363 -1.3919692175293 -1.3919692175293 4.90181397033691 10.0738167626953 11.2310223443604 14.0059552056885
-2.02961112426758 0.591814504394531 -0.0694480078125 -1.08495475219727 -2.10046340393066 -1.79344703125 -3.64733935760498 -5.73739482330322 -3.80084563659668 -1.88791419433594 -2.21854545043945 -2.17131186889648 1.64274452758789 8.85756920410156 14.9151882989502 16.7690777642822 14.9151882989502 10.7823109490967 6.33060883117676 4.46491097045898 4.59480141235352 4.85458038879394 6.11805962158203 5.52764938903809 2.71729324890137 1.97337578369141 3.76822517944336 5.58668945861816 5.07893799377441 4.54756783081055 4.67745827270508 5.97636269165039 11.6797356469727 14.5727505548096 9.95573471618652 3.30770348144531 -0.270186914672852 0.473730550537109 1.58370255065918 0.154907689819336 -3.61191417144775 -1.26207877563477 4.13427971435547 8.99926804138184 13.2974629266357
