src/test/resources/sample/uwnd.grd
DSAA
73 46
0 360
-90 90
-18.9862208502197 80.9467720849609
[rows 20 to 39 of 46, columns 0 to 44 of 73]
-6.85917617248535 -6.33961440490723 -6.83555938171387 -7.57947780059814 -10.1064372198486 -10.1418614523315 -9.29167033599854 -11.9603285925293 -12.7396712438965 -9.68134166168213 -8.51232673095703 -7.33150531219482 -4.29679156707764 1.05233238769531 3.46121071411133 3.1187729699707 1.41838692260742 -0.305612100830078 -1.65175010131836 -1.85248900817871 -2.40747596191406 -3.47021533416748 -4.66284610198975 -3.98977805541992 -1.63994170593262 0.131292806396484 0.993292318115234 1.51285408569336 1.74901817871094 3.4257855279541 5.70477341247559 6.50773285461426 5.82285545898437 3.10696457458496 0.119484411010742 -4.32040835784912 -5.3713393347168 -3.43479110168457 -0.0340228216552734 -1.20303870605469 -3.34032489227295 -4.24955798553467 -0.589009775390625 6.64943169189453 11.6443085534668
-6.95364142822266 -9.49240924285889 -10.9684376852417 -12.6333975927734 -14.6171784536743 -13.8850684301758 -13.6016707556152 -17.1441378729248 -16.5419192449951 -14.4046301977539 -12.5743556158447 -10.5433421270752 -8.74849082397461 -5.65473700927734 -4.89901114868164 -3.81265498565674 -3.13958503173828 -4.21413375305176 -4.28498412536621 -4.81635333465576 -4.76912070678711 -6.59939433502197 -7.74479247497559 -5.01709319519043 -2.08865310119629 -0.754325403442383 0.119484411010742 -0.211146845092773 1.35934685302734 2.54016922546387 2.37485550476074 0.804359899291992 -3.47021533416748 -6.56397010253906 -9.3743271963501 -9.3152861730957 -6.46950484680176 -4.91081954406738 -4.92262698577881 -5.43038131164551 -5.85547686981201 -6.19791556762695 -3.10416079925537 3.03611610961914 8.53874634338379
-5.44218875335693 -9.1381621496582 -11.712356104126 -11.9249034063721 -13.9559178488159 -15.4673705236816 -17.3094535009766 -18.4076171057129 -16.1404395239258 -14.0149588720703 -12.0784106390381 -11.0274787084961 -11.5824656622314 -10.9330134527588 -8.89018966125488 -5.05251742767334 -2.65544845031738 -5.47761393951416 -6.19791556762695 -5.84366847442627 -5.43038131164551 -8.06361438201904 -7.24884749816895 -5.24144984649658 -3.12777854370117 -0.86059905456543 0.296608434448242 -0.907832636108398 -3.25766707824707 -4.33221579956055 -4.60380507873535 -8.15808059143066 -12.7396712438965 -15.2312064306641 -16.3529868261719 -14.4046301977539 -9.72857333587647 -7.50862838195801 -7.91010714935303 -8.53594352172852 -8.01638175415039 -5.53665496276856 -2.0532298223877 3.4257855279541 9.69595192504883
-2.89161254333496 -5.40676452087402 -8.41786147521973 -8.84295798706055 -10.2245192663574 -11.9485201971436 -12.7987122671509 -13.1293425695801 -12.2909579412842 -12.869561685791 -11.9957528250122 -9.26805354522705 -7.67394305633545 -8.21712161468506 -6.58758689331055 -3.71818877624512 -2.31300879882812 -3.78903819488525 -3.3875575201416 -2.54917479919434 -4.66284610198975 -7.49681998657227 -6.05621673034668 -5.01709319519043 -4.20232631134033 -4.79273749755859 -7.14257289337158 -7.75660087036133 -10.1300540106201 -12.2909579412842 -11.7005477087402 -14.1448493139648 -17.2976451055908 -18.9862208502197 -17.5338091986084 -13.9913420812988 -11.0747122900391 -8.32339526580811 -6.81194259094238 -7.22523070739746 -7.09534026550293 -4.16690112518311 0.367456899414063 6.87378738952637 14.183079229126
3.87449883056641 0.863401876220703 -2.7262969152832 -6.0325999395752 -5.25325728820801 -3.74180461334229 -3.6237225668335 -4.29679156707764 -6.58758689331055 -7.2370391027832 -7.98095752166748 -6.28057338165283 -3.15139342712402 -2.44289924072266 -2.15950347351074 -1.47462607788086 -0.872407449951172 0.213949666748047 1.94975708557129 1.07595108581543 -1.81706572937012 -3.65914775299072 -4.16690112518311 -4.53295566009522 -6.24514819549561 -8.61860133575439 -10.5197253363037 -10.2245192663574 -11.972136987915 -14.8297267095947 -12.4798903601074 -11.5706572668457 -13.3064656393433 -14.7588763372803 -12.716054453125 -7.86287547515869 -5.33591510223389 -3.03331233428955 -1.43920089172363 -1.07314635681152 -0.93144751953125 1.56008766723633 5.07893799377441 12.2701458795166 18.7174343927002
13.1085286004639 8.20811508728027 4.78373192382812 2.44570396972656 2.30400513244629 2.52836083007813 3.09515617919922 3.16600655151367 0.190332875976563 -0.163913263549805 -0.128489984741211 0.0958676202392578 2.54016922546387 0.89882706237793 -0.707091821899414 -0.848790659179688 1.18222282958984 2.0914578302002 4.70107506347656 6.94463585449219 5.81104706359863 4.97266243530273 2.64644287658691 -0.612626566162109 -2.28939391540527 -5.701969637146 -8.20531321929932 -7.91010714935303 -9.85846473144531 -11.9012866156006 -9.14997149871826 -6.55216266082764 -4.85177852081299 -5.22964049743652 -5.12336779998779 -1.85248900817871 1.33573006225586 3.86269043518066 7.28707550598144 10.5579533441162 11.5380349023437 12.4472699029541 14.2775463922119 14.3720059259033 12.1874871118164
24.1255993707275 20.1698498590088 16.036968694458 14.3602032525635 13.0967221124268 10.0856251580811 10.6406102044678 11.8450493676758 12.2819542749023 10.3926377160645 8.92841766906738 9.02288483215332 9.64872025085449 7.78302048278809 7.64132164550781 8.32619904113769 9.9203095300293 10.1328568322754 13.6989407403564 20.0163388116455 19.5912442071533 17.3949131829834 13.8642582757568 9.80222557617187 3.00069092346191 -1.52185965942383 -1.81706572937012 -2.70268203186035 -5.41857291625977 -6.56397010253906 -3.84807921813965 0.450113759765625 4.41767738891602 5.76381348205566 4.91362236572266 4.44129227233887 4.09885452819824 4.32321022583008 6.68485687805176 12.3173756463623 17.5129971368408 18.8827481134033 14.7971043450928 3.04792450500488 -3.26947547363281
38.4962105615234 34.3279061181641 30.7263989312744 27.9042324884033 28.5182614190674 26.7942623956299 25.9794926507568 27.0540394647217 29.6636586053467 28.8725056512451 25.6724781854248 22.6731915338135 21.6931080682373 21.7993817193604 23.3462605340576 25.6724781854248 28.4946446282959 28.7308087213135 30.4311909539795 34.9891610009766 35.3552193505859 29.4983448846436 23.2636036737061 20.1226124627686 11.6915421350098 5.70477341247559 6.14167831970215 5.03170441223144 2.92984055114746 4.78373192382812 8.92841766906738 10.569761739502 11.6325020654297 14.2303089959717 14.3720059259033 11.8922810418701 9.3535141809082 8.21992539001465 7.41696594787598 6.22433518005371 7.49962471557617 8.56236313415527 4.27597855163574 0.72170303894043 -0.966872705688477
45.7110390527344 47.4940743310547 47.4586510522461 45.8527321679688 46.5612282617188 47.5176949365234 48.0962929589844 48.1317238671875 50.1745400292969 48.8520226342773 42.0504860742188 41.0585884912109 41.0113625390625 38.7087578637695 39.7360710961914 43.0305657250977 47.293337331543 48.8284096582031 51.0365395410156 51.1073937280273 52.2409844262695 46.2778267724609 38.0238747460938 31.9780697686768 24.5270809991455 16.2613224847412 18.4340405328369 20.5359005792236 22.248093114624 23.4643406732178 26.2274670465088 26.2038502557373 25.7079052789307 27.1957402093506 28.045929418335 27.1485066278076 25.7197117669678 23.6650814874268 22.1063961846924 17.2532162530518 10.6878437860107 7.91291092468262 7.84206055236816 9.0819249017334 7.59408806396484
30.1832203729248 40.3501000268555 50.0210366113281 54.2956108911133 56.1376976831055 56.6926827294922 54.8269829614258 54.0476403100586 54.8387932641602 54.8624062402344 51.9811959130859 56.2321572167969 58.8181633813477 55.7598290307617 55.074961171875 57.4366021020508 57.7318062646484 58.6174263818359 58.6410393579102 55.3111214501953 51.2136635644531 49.0409493310547 46.2306008203125 42.782595144043 39.5235237939453 32.828264699707 33.3242058618164 36.3943428857422 40.8932747705078 43.6445946557617 47.0925927026367 49.147226796875 50.1981606347656 50.5287880761719 51.1428170068359 51.2963280541992 50.8948464257813 49.2298836572266 45.6047615869141 40.5626473291016 31.1869206292725 23.0392422540283 21.5041737420654 21.9528889520264 20.5713276727295
6.41326569152832 16.2495159967041 26.8296818597412 33.9146218164063 36.5006203515625 36.2880730493164 35.1899056298828 35.3316063745117 36.677744375 40.8696617944336 45.4512505395508 54.0004067285156 58.7945504052734 60.7429070336914 59.7273964746094 55.7598290307617 51.0719704492188 51.1073937280273 49.147226796875 43.1958794458008 38.7323708398438 39.0275750024414 44.4829735620117 49.1118035180664 53.2564949853516 53.705202565918 55.2284645898438 58.4284920556641 62.5731758935547 67.0130715234375 69.5046028955078 69.4691796166992 68.4890999658203 65.6669335229492 64.533342824707 63.9075112207031 63.7894234521484 65.2890648706055 65.7613930566406 62.8329567773438 57.8498940332031 49.3361611230469 43.3257698876953 41.0940193994141 37.3508095605469
-6.55216266082764 -3.94254447387695 2.05603264404297 8.77491234375 14.5727505548096 20.6421780450439 24.8577084405518 27.2547802789307 28.7662358148193 28.754425512085 33.9382347924805 40.4445671899414 42.6763176782227 46.2542137963867 43.7862877709961 37.7995247705078 33.9028115136719 32.5330529077148 32.0371117456055 28.3765606744385 27.3374371392822 31.0806431634521 40.7279610498047 51.3789772851563 62.4432854516602 68.1348519189453 72.1496453149414 76.0109352929688 78.9157585961914 80.8759255273438 75.2315926416016 69.1621651513672 65.1946053369141 60.5893959863281 58.5229515893555 57.1650109155273 56.5982155664063 59.715586171875 63.8012337548828 65.9503273828125 68.2175087792969 67.8042244775391 64.0137810571289 59.4558052880859 54.3546547753906
-1.19122840332031 -0.388270868530273 2.78814171386719 9.20000694824219 16.6273808343506 25.0348324639893 29.7699322564697 32.2732796533203 32.4385933740234 29.7226986749268 34.2452492578125 33.9618477685547 34.8238472802734 34.1271691186523 30.0297131402588 26.7942623956299 22.0001187188721 21.0672726495361 22.9802021844482 23.4053006036377 24.3263401849365 27.0422329766846 35.1190590722656 49.2889275415039 63.1045403344727 74.0507759912109 79.8249916894531 80.9467720849609 78.8921379907227 71.7953972680664 57.8971199853516 48.5095848901367 45.7700753076172 45.8173088891602 47.3287606103516 47.5295052392578 46.7265419824219 48.391497121582 50.8239922387695 54.3782753808594 61.132578359375 68.1230416162109 72.2913384301758 71.4529595239258 66.3045754296875
16.3675999505615 14.02957199646 15.529213414917 20.1226124627686 25.2709965570068 29.4629177911377 30.254066930542 31.6002049310303 35.567766652832 36.2408394677734 36.4179634912109 34.2216286523438 32.7456078393555 28.4356045587158 24.7750515802002 21.5396008355713 19.5794377191162 18.9890255792236 21.1381230218506 22.141819463501 22.6141514642334 24.704205022583 28.6835789544678 39.6298012597656 53.2919106347656 67.0130715234375 72.9880318505859 67.1783852441406 57.5901055200195 45.392214284668 33.6784539086914 26.9949993951416 26.5226712091064 30.3603443963623 34.9891610009766 37.2917656762695 36.276262746582 33.8673882348633 32.568483815918 35.3434090478516 43.4792733056641 53.0557503564453 62.2307381494141 67.5444359643555 66.3400063378906
29.7226986749268 26.9359593255615 28.553684697876 33.2887825830078 29.9470562799072 25.7079052789307 23.4761471612549 24.8459019525146 27.8688053948975 30.0533299310303 31.0570301873779 30.3957676751709 29.4747280938721 26.2865071160889 23.6650814874268 22.4724469049072 23.6768917901611 24.0311322076416 23.1455197198486 22.34256027771 23.6296543939209 25.1529164178467 29.1086697442627 34.7530007226563 41.7670845849609 47.730234609375 48.6985115869141 44.7663750512695 36.2998757226563 27.1012730462646 18.4222302301025 14.1358418328857 13.8052143914795 17.4539570672607 23.3108334405518 26.0031094415283 23.0628590447998 17.1115155084229 13.6989407403564 16.0487751824951 22.6613812310791 31.5175480706787 40.7279610498047 48.2616066796875 50.2808174951172
38.9449181420898 39.818727956543 37.8939919335938 34.5876870019531 28.2939038140869 22.4842572076416 20.0989956719971 20.701218114624 23.3344502313232 26.097572789917 27.6326413018799 26.7706417901611 25.2119564874268 22.9565853936768 22.1300129754639 22.7794651849365 24.2672963006592 25.7551350457764 26.7352185113525 24.1255993707275 24.9994129998779 26.3455471856689 28.8725056512451 32.3913597924805 35.3434090478516 35.6031975610352 33.1352715356445 28.40017746521 21.6694912774658 14.5255169732666 10.4162525994873 10.1446652276611 11.6679253442383 13.675323949585 15.7181477410889 15.2694325311279 10.983049855957 5.57488297058105 1.40658043457031 0.556387410888672 3.6029095513916 9.40074585510254 16.391216741333 23.3816838128662 26.8178753717041
39.1574730737305 40.125742421875 35.6386208398438 29.7699322564697 24.2200665338135 20.2761196954346 18.445847020874 18.7882847650146 19.7447514398193 19.4967770440674 17.9971318109131 15.3993267877197 14.0649952752686 14.3129658563232 15.5764508111572 18.5166973931885 21.0790791375732 22.9211621148682 25.2001499993896 24.9876026971436 23.8303952081299 22.40160034729 22.8030781610107 24.3617634637451 25.0112156732178 23.6886982781982 20.7720646722412 15.0686955316162 9.20000694824219 4.86638878417969 3.44940422607422 5.07893799377441 7.13356827331543 8.00737618041992 7.6295151574707 5.92912911010742 3.57929466796875 1.31211517883301 -1.95876265930176 -5.51303912567139 -6.69386054443359 -4.75731135772705 -0.789750589599609 3.52025269104004 6.72028015686035
26.9005322320557 26.4282040460205 23.9957127435303 20.9964222772217 17.3949131829834 15.883461461792 15.2103924615479 13.8052143914795 11.8214325769043 8.52693985534668 4.24055336547852 0.70989655090332 0.0722508294677734 2.61101769042969 6.59038971496582 11.7269654138184 16.1432423455811 19.5676274163818 19.685707555542 16.7218479974365 13.5572399957275 11.8686661584473 11.9749398095703 12.3173756463623 12.4354596002197 11.5616516931152 9.05831001831055 5.25606201721191 1.97337578369141 0.367456899414063 0.485538945922852 0.190332875976563 -0.553584589233398 -0.777940286865234 -0.636241449584961 0.154907689819336 1.93795059753418 3.6029095513916 4.0870461328125 2.56378601623535 -0.388270868530273 -2.83257247375488 -3.64733935760498 -2.21854545043945 0.792553411254883
15.1395420892334 15.5174069268799 16.8281178338623 15.9188847406006 13.9114880426025 11.8096241815186 10.6642269952393 9.12915848327637 5.04351280761719 -0.199338449707031 -4.21413375305176 -5.6429286138916 -4.24955798553467 0.0486340386962891 5.07893799377441 9.88488434387207 12.0930218560791 10.569761739502 7.21622704101562 3.16600655151367 0.757128225097656 0.367456899414063 0.461922155151367 0.249374852905273 -0.234761728515625 -1.03772307800293 -2.45470954345703 -2.86799575256348 -2.34843589233398 -2.06503821777344 -1.9705710546875 -3.03331233428955 -4.35583259033203 -5.13517524169922 -4.40306521820068 -2.06503821777344 0.875210271606445 3.21323822570801 4.93723915649414 6.40145920349121 6.7911305291748 6.21252678466797 4.80734871459961 4.5711827142334 6.15348671508789
13.4981999261475 14.2539257867432 13.781597600708 12.4708866937256 9.63690994812012 6.74389694763184 4.5357594354248 2.10326622558594 -1.28569556640625 -3.50564052032471 -3.54106570648193 -1.74621535705566 1.12318276000977 3.65014313293457 5.06712959838867 5.05532120300293 3.02430580688477 0.237566457519531 -2.19492675231934 -4.48572303222656 -6.31599761413574 -7.46139480041504 -8.01638175415039 -8.50051928924561 -8.7130665914917 -8.47690249847412 -8.76030017303467 -8.59498454498291 -8.11084796356201 -8.25254680084229 -9.36251880096436 -10.6023831503296 -10.6968484060669 -9.43336821960449 -7.27246428894043 -4.92262698577881 -2.62002326416016 -0.789750589599609 0.875210271606445 3.04792450500488 5.59849976135254 8.06641815734863 10.1564736230469 12.0812115533447 14.8089146478271
