src/test/resources/sample/vwnd.grd
DSAA
73 46
0 360
-90 90
-30.5462586547852 39.3518660400391
[rows 0 to 19 of 46, columns 0 to 44 of 73]
-0.284326281738281 -0.251289096069336 -0.209993090820313 -0.168697085571289 -0.127401080322266 -0.0778443481445313 -0.0365483428955078 0.00474575500488281 0.0543024871826172 0.0956003997802734 0.136894497680664 0.186451229858398 0.227747235107422 0.260784420776367 0.302080426025391 0.335117611694336 0.368154797363281 0.401190075683594 0.425970349121094 0.450746807861328 0.467266354370117 0.483783993530273 0.492044720458984 0.508560452270508 0.508560452270508 0.508560452270508 0.508560452270508 0.500303540039063 0.492044720458984 0.475523266601563 0.459007534790039 0.442486080932617 0.417709622192383 0.38467434387207 0.351637158203125 0.31859997253418 0.285562786865234 0.244264874267578 0.211227688598633 0.169931683349609 0.120376858520508 0.0790808532714844 0.0377829406738281 -0.0117718841552734 -0.0530678894042969
-10.1541440155029 -9.98069926757812 -9.77421733398437 -9.46862384338379 -9.05566188354492 -8.49403163452148 -7.75895854492188 -6.79262515563965 -5.65284511108398 -4.40569850463867 -3.05943843383789 -1.67188235778809 -0.284326281738281 0.913267407226563 1.93741444091797 2.7633383605957 3.40756062011719 3.80400684814453 4.0022299621582 4.06004551391602 3.99397114257813 3.82878712158203 3.6140463684082 3.37452534179688 3.12674931030273 2.87071064453125 2.64771107177734 2.46600941162109 2.30908039550781 2.19344929199219 2.1273749206543 2.11911991577148 2.17693165283203 2.32559803466797 2.60641315917969 3.03589848022461 3.58100727539063 4.25826481323242 5.06767490844727 6.00096729736328 6.94252613525391 7.9088576171875 8.85867145996094 9.80023029785156 10.6178953979492
-2.95206805725098 -3.7945115234375 -4.53784724731445 -5.0829579498291 -5.36377307434082 -5.43810626525879 -5.28118106384277 -4.76910563964844 -3.77799388427734 -2.35740252990723 -0.598178591918945 1.30970982055664 3.06067493896484 4.23348835449219 4.79511860351562 4.74556187133789 4.12611607055664 3.18456104736328 2.1273749206543 1.07019260864258 0.0790808532714844 -0.77162333984375 -1.39932605285645 -1.87010547180176 -2.1922166015625 -2.43173381347656 -2.59691974182129 -2.75384685058594 -2.90251323242188 -3.04292079467773 -2.9933640625 -2.71254893798828 -2.38217898864746 -2.08484622497559 -1.73795672912598 -1.22588321228027 -0.581660952758789 0.153414044189453 0.971081051635742 1.89612034301758 2.90374973754883 4.09308460693359 5.48063877563477 7.19030598144531 9.03211811523438
0.500303540039063 -1.1515500213623 -2.13440104980469 -2.49780818481445 -2.57214137573242 -2.64647647399902 -2.80340167541504 -2.91077205200195 -2.66299411315918 -1.8535878326416 -0.408216204833984 1.48315647583008 3.39930180053711 4.71252659301758 5.26589802246094 4.93552616577148 3.63056400756836 1.77223041992188 -0.201734271240234 -1.84532710571289 -2.86121531982422 -3.19984599609375 -3.04292079467773 -2.58866092224121 -2.00225230712891 -1.47365924377441 -1.391069140625 -1.87836429138184 -2.76210376281738 -3.65410586853027 -3.9679562713623 -3.49717875976563 -2.86121531982422 -2.43999454040527 -1.88662311096191 -0.887252536010742 0.343376431274414 1.37578419189453 1.92915562133789 1.92089680175781 1.59052494506836 1.26015690307617 1.16930416564941 1.46663502197266 2.25952366333008
0.00474575500488281 -0.722068515014648 -1.14328929443359 -1.47365924377441 -1.71317836303711 -1.68840190429687 -1.38280841369629 -0.969844546508789 -0.821180072021484 -1.19284602661133 -1.81228992004395 -2.0187718536377 -1.35803195495605 -0.0365483428955078 1.9869711730957 4.50604465942383 6.04226520996094 4.66297367553711 1.44185856323242 -1.50669642944336 -3.01814242858887 -3.43110438842773 -3.29895755310059 -2.73732730407715 -1.98573466796875 -1.43236323852539 -1.41584559936523 -2.02703067321777 -3.25765964050293 -4.72780963439941 -5.68588229675293 -5.85106822509766 -5.70240184326172 -5.53721782226563 -4.72780963439941 -2.6547352935791 -0.0035111572265625 2.57337788085938 4.54733875732422 5.53845051269531 5.51367405395508 4.84467533569336 3.91137531738281 2.94504383544922 2.13563755493164
1.26841190795898 2.08608082275391 2.01174763183594 1.12800816040039 0.153414044189453 -0.449512210083008 -0.56514140625 -0.358661380004883 -0.292587008666992 -0.788142886352539 -2.00225230712891 -3.43110438842773 -3.65410586853027 -2.56388255615234 -0.796401705932617 2.16867283325195 5.66234043579102 5.10897282104492 1.51619175415039 -1.12677165527344 -1.75447627563477 -2.20047542114258 -3.27417918701172 -4.18269893188477 -4.73606845397949 -5.20684596557617 -5.04992076416016 -4.02577182312012 -3.05117961425781 -3.29069682617188 -4.80214282531738 -6.50355121154785 -7.76721736450195 -7.99847766418457 -6.89999553222656 -5.14903232116699 -3.27417918701172 -1.2176243927002 1.07844952087402 3.3910467956543 5.13374927978516 6.31482532958984 7.04163959960937 7.4215643737793 7.34723118286133
3.5892660949707 5.42282322387695 5.56323078613281 4.25000980834961 2.46600941162109 0.838932308959961 -0.193475451660156 -0.672511782836914 -1.30847522277832 -2.10962268371582 -2.56388255615234 -2.62169810791016 -2.14265986938477 -0.424735751342773 1.41708210449219 2.30082157592773 2.48252323608398 1.26841190795898 -0.730327334594727 -1.63058635253906 -1.52321597595215 -1.52321597595215 -2.33262225646973 -4.24877330322266 -6.86695834655762 -8.27103206176758 -6.7595879699707 -3.81103106994629 -1.50669642944336 -1.39932605285645 -3.62106868286133 -6.28880855102539 -7.91588374633789 -8.05629130859375 -7.20558902282715 -6.08232661743164 -4.76084682006836 -3.19158526916504 -1.40758677978516 0.516821179199219 2.07782200317383 3.29193333129883 4.48126438598633 6.07530430297852 8.08230427246094
1.08671024780273 3.53145054321289 4.84467533569336 4.72078541259766 3.32497242431641 1.23537472229004 -0.697290148925781 -2.17569705505371 -2.67951365966797 -2.33262225646973 -1.72143908996582 -1.11025210876465 -0.251289096069336 1.17756107788086 2.96982410888672 3.90311649780273 3.0524123046875 0.690267834472656 -1.90314075012207 -3.43936511535645 -3.43110438842773 -1.91140147705078 -0.457771029663086 -0.622956958007812 -3.07595798034668 -5.21510669250488 -4.207475390625 -2.34914180297852 -1.6058079864502 -2.96032687683105 -6.08232661743164 -8.70051356811523 -9.88158771057129 -9.92288371582031 -9.17129107971191 -7.37903186340332 -4.52958652038574 -1.37454959411621 1.00411823730469 2.49904468994141 2.87896946411133 1.80526951293945 -0.0943638946533203 -0.986364093017578 1.2105982635498
-3.87710544128418 -1.33325168151855 1.83004597167969 3.18456104736328 2.18519428710938 -0.168697085571289 -2.85295840759277 -4.96732875366211 -5.33899470825195 -3.89362308044434 -1.18458720703125 1.93741444091797 4.03526524047852 4.86119297485352 4.90248707275391 4.08482197265625 1.85482243041992 -0.945068087768555 -3.30721637268066 -4.14140292663574 -3.08421679992676 -0.185216632080078 3.06893375854492 4.93552616577148 4.22522953491211 2.22648838500977 0.260784420776367 -2.29132815856934 -5.56199428100586 -9.4025494720459 -12.4667355682373 -13.2678849365234 -12.3924023773193 -10.6992547180176 -8.44447680969238 -5.56199428100586 -1.22588321228027 3.99397114257813 7.63630512695312 8.4704916809082 5.75319126586914 -0.457771029663086 -7.46988460083008 -10.9800698425293 -8.25451442260742
-3.1668088104248 0.244264874267578 4.01048878173828 4.67122868041992 1.88785770874023 -2.08484622497559 -6.13188334960938 -9.13825389404297 -9.70814296264648 -7.6763646270752 -3.20810481567383 2.689008984375 7.46285847167969 8.84215763549805 7.47111729125977 3.79574802856445 -1.10199328918457 -4.63695689697266 -6.00799533386231 -4.97558757324219 -1.46540042419434 4.36563709716797 10.1388609741211 13.2443411682129 12.4679739807129 7.66934040527344 1.08671024780273 -5.52069827575684 -11.5829960968018 -15.9686638977051 -17.100183215332 -15.0849225189209 -11.8803288604736 -8.21321651000977 -5.04166194458008 -1.779252734375 2.87896946411133 8.46222904663086 13.3351958129883 13.7398970458984 7.07467487792969 -4.09184619445801 -13.7221429016113 -16.8524033691406 -13.3752553131104
1.24363544921875 7.56196812133789 10.7583067749023 8.92474583129883 2.82115772705078 -5.04166194458008 -12.4419591094971 -17.2240712310791 -16.5302941467285 -10.7488095428467 -2.15092059631348 6.98382404785156 13.5912344787598 14.4749739501953 10.4196722839355 3.44885853271484 -3.91014262695313 -7.99847766418457 -8.70051356811523 -6.13188334960938 0.186451229858398 9.31293323974609 17.415270123291 21.2393095825195 18.3403075073242 9.88282230834961 -0.664252963256836 -9.84029170532227 -16.2164399291992 -18.0912930633545 -15.2666260864258 -10.9965874816895 -7.70114299316406 -4.67825480957031 -2.05180903930664 2.42471149902344 6.90949085693359 10.3535979125977 13.5912344787598 13.6325285766602 6.10833958129883 -4.82691928405762 -12.5328099395752 -15.060144152832 -13.4578473236084
3.27541187744141 11.9145987365723 15.292639050293 10.518785748291 0.715044293212891 -11.8720700408936 -23.6167390014648 -27.2590729858398 -19.3879983093262 -7.72592135925293 3.77922657470703 13.6738226745605 19.6617873046875 18.8441222045898 12.6414130065918 3.79574802856445 -4.19921657104492 -8.3123280670166 -8.67573520202637 -5.76021739501953 0.805895123291016 11.4273054931641 21.0080473754883 25.0550864074707 20.5124953125 9.36248997192383 -3.86058589477539 -13.846032824707 -17.3975159790039 -14.7049958374023 -8.62618037719727 -4.29832812805176 -4.207475390625 -3.48066112060547 -0.300843920898437 7.08293369750977 10.7335265014648 10.832636151123 10.832636151123 9.10645512084961 3.7544501159668 -1.78751346130371 -5.57851382751465 -9.77421733398437 -12.3428475524902
1.49141148071289 9.32945469360352 13.1700117919922 6.86819294433594 -6.13188334960938 -21.3702180053711 -30.0672223236084 -23.327665057373 -12.8218857910156 -1.89488193054199 9.44508198242188 17.5143797729492 20.6116011474609 17.7704184387207 11.1299727294922 3.76271275024414 -1.86184474487305 -5.95843860168457 -6.52006885070801 -4.24051257629395 0.0543024871826172 8.85867145996094 18.4146406982422 22.9159376953125 18.8028242919922 5.84404209594727 -7.84155055541992 -14.6389233734131 -13.846032824707 -7.96544047851563 -0.812919345092773 -0.325624194335937 -4.91777202148438 -3.35677119750977 4.33260181884766 9.48637989501953 9.0486395690918 6.12486103515625 3.51493290405273 1.08671024780273 2.40819385986328 5.77796772460937 7.16552570800781 0.120376858520508 -11.8885895874023
1.03715542297363 4.92726734619141 6.19093159179687 -2.06006785888672 -13.2100712921143 -22.501737322998 -19.1815163757324 -10.6414391662598 -5.45462390441895 0.805895123291016 11.8733084533691 17.8612692687988 14.598863873291 9.0486395690918 6.79385975341797 6.95904377441406 1.7639716003418 -5.79325267333984 -6.31358691711426 -5.64458819885254 -2.35740252990723 4.71252659301758 12.4679739807129 18.4311583374023 15.969900402832 1.64008167724609 -8.37014361877441 -10.2284772064209 -7.60203334350586 -2.48955127258301 0.764597210693359 -1.97747584838867 -2.41521617431641 4.67122868041992 1.87134006958008 -2.72080966491699 -4.66173526306152 -6.91651317138672 -6.54484530944824 -2.44825335998535 5.57148960571289 16.7214911315918 24.7081969116211 14.8136008117676 -11.7646996643066
2.14389637451172 0.533340725708008 -5.14903232116699 -9.89810725708008 -11.9216267730713 -9.60077258605957 -5.18206950683594 -3.3319928314209 -1.96095630187988 1.13626697998047 9.38726643066406 13.2856390808105 5.31545093994141 1.53270939331055 6.29004505615234 13.8968260620117 2.9780829284668 -9.21258708496094 -7.15603229064941 -6.5118081237793 -3.51369830627441 1.47489765625 7.96667698364258 14.2519743774414 11.889822277832 0.0295260284423828 -5.61155101318359 -4.62869807739258 -0.812919345092773 1.99522999267578 -4.07532855529785 -3.53847476501465 6.08356312255859 11.3281958435059 -9.33647510070801 -19.3054043914795 -16.6046273376465 -12.7723290588379 -6.64395877380371 -0.160438265991211 7.40504291992187 20.0582335327148 34.668859753418 30.2088644836426 -8.0232541229248
0.797636303710938 -5.97495814819336 -9.69988605041504 -7.40381022949219 -2.56388255615234 1.4253428314209 0.128637585449219 -4.70303126831055 -3.15854808349609 0.425970349121094 4.03526524047852 8.07404545288086 5.76971271972656 4.91900852661133 10.4114172790527 19.2653448913574 1.40882137756348 -11.335218157959 -9.41081019897461 -8.95655032653809 -6.42921611328125 -0.722068515014648 5.05115345458984 8.94126728515625 6.18267658691406 -0.912030902099609 -5.12425395507813 -3.86058589477539 2.71378544311523 7.33071354370117 -0.399955477905273 0.252525601196289 12.6579344604492 10.5435622070313 -19.8174798156738 -29.7864071990967 -19.9248482849121 -10.467994418335 -3.38154956359863 0.500303540039063 5.52193668823242 17.2335646484375 33.4217207763672 38.9554274414063 2.73856190185547
-1.3662888671875 -5.36377307434082 -5.05817958374023 -1.82055064697266 2.17693165283203 0.0708201263427734 -6.83392116088867 -10.3854024078369 -4.43047496337891 0.789379391479492 1.87959888916016 7.18204334716797 14.00419453125 14.2767508361816 13.2773764465332 15.689081463623 -0.432992663574219 -11.6655881072998 -12.2519967224121 -11.8638093139648 -8.98132869262695 -2.41521617431641 3.69663837890625 6.50478580932617 2.25126865844727 -6.28054973144531 -8.11410495300293 -4.19921657104492 1.22711971740723 6.2074530456543 8.23922947387695 9.49463489990234 16.3250449035645 6.85993412475586 -26.9039246704102 -30.1828515197754 -14.861922946167 -4.04229136962891 -1.54799434204102 -3.89362308044434 1.09497097473145 15.0366003845215 28.7800124023438 38.6002791259766 15.5404150817871
-2.81166049499512 -2.47303172607422 -1.35803195495605 -0.556882586669922 -0.243030276489258 -5.28118106384277 -9.8898484375 -8.41143962402344 -2.9933640625 0.392933163452148 2.66423252563477 8.71826771240234 17.8695280883789 19.4966032836914 11.9311201904297 5.96793201904297 -5.00036403198242 -11.8968464996338 -12.7227742340088 -11.1535145904541 -6.62743922729492 -1.49843760986328 2.58163670043945 4.20045307617187 -0.0117718841552734 -8.05629130859375 -7.96544047851563 -3.57151195068359 -1.27543803710937 1.59878376464844 8.79260090332031 14.6566756103516 16.1103041503906 0.401190075683594 -26.6313683654785 -22.3530709411621 -9.46036693115234 -0.449512210083008 0.0377829406738281 -6.8752171661377 -2.08484622497559 14.1528609130859 26.2939741943359 34.2641585205078 21.7679007385254
-3.00988360900879 -2.96858569641113 -1.40758677978516 1.49967411499023 -2.5308453704834 -8.37840243835449 -7.72592135925293 -4.36440059204102 -2.27480861206055 1.02063587646484 2.65596989135742 6.81864002685547 14.8136008117676 17.6960814331055 6.8434164855957 -3.29069682617188 -8.08932849426269 -10.079810824585 -10.1376244689941 -8.58488437194824 -6.14014407653809 -2.57214137573242 1.5740073059082 3.78748920898438 2.62293461303711 -0.664252963256836 -2.45651408691406 -1.87010547180176 -1.08547565002441 1.94567326049805 6.92600849609375 8.61915806274414 4.46475056152344 -8.89047595520019 -19.2971455718994 -12.6897370483398 -5.16554996032715 -0.135659899902344 2.17693165283203 -3.90188380737305 -3.4063279296875 9.96541813354492 24.179601940918 29.399458203125 22.6186011169434
-4.24877330322266 -3.7449566986084 -0.366918292236328 1.65659931640625 -4.39743777770996 -5.09121676940918 -2.36565944213867 -1.25892039794922 1.63182285766602 2.85419300537109 0.822412762451172 2.47426441650391 6.73604420166016 8.85041645507813 1.7639716003418 -3.5797726776123 -5.65284511108398 -6.52832767028809 -5.92540141601563 -6.42921611328125 -7.10647746582031 -4.38092013854981 -0.0530678894042969 4.70426395874023 5.36500767211914 1.18582180480957 0.640709194946289 -0.193475451660156 -0.350400653076172 3.48189762573242 5.48889759521484 1.11974743347168 -5.56199428100586 -11.9546639587402 -12.2024399902344 -5.81803103942871 -2.83643886108398 -0.0448071624755859 4.10959843139648 -0.548623767089844 -0.680770602416992 7.9088576171875 20.8676398132324 24.3034918640137 19.9426062438965
