src/test/resources/sample/vwnd.grd
DSAA
73 46
0 360
-90 90
-30.5462586547852 39.3518660400391
[rows 20 to 39 of 46, columns 0 to 44 of 73]
-4.10010501403809 -2.81992122192383 -0.0282895233154297 -0.243030276489258 -1.41584559936523 1.72267368774414 1.85482243041992 0.153414044189453 2.5403387878418 2.49078587036133 1.0123789642334 1.5740073059082 1.61530521850586 2.11911991577148 0.921524319458008 -0.499067034912109 -1.57277080078125 -2.43173381347656 -3.4063279296875 -5.19858714599609 -6.26403209228516 -3.71192142028809 -1.34151240844727 2.91200855712891 2.5651190612793 -0.366918292236328 0.0543024871826172 -0.532104220581055 -0.309104647827148 2.36689594726563 2.54859760742188 -1.4901787902832 -7.37077304382324 -10.27803203125 -8.30406924743652 -2.49780818481445 -2.47303172607422 -0.383437838745117 3.69663837890625 2.34211948852539 4.45648792724609 12.790083203125 19.323156628418 20.7024557922363 15.9203436706543
-3.18332835693359 -2.56388255615234 -0.573400225830078 0.302080426025391 1.99522999267578 4.24174717407227 2.24300602416992 -0.0943638946533203 1.07019260864258 1.30144909362793 1.7639716003418 0.77285793762207 -0.672511782836914 0.0377829406738281 1.4253428314209 1.68963459472656 1.50793293457031 -0.226512637329102 -2.39043971557617 -4.46351214904785 -5.25640079040527 -2.35740252990723 -0.176955905151367 1.00411823730469 0.52508190612793 1.53270939331055 2.77985981445313 -0.209993090820313 -2.5308453704834 0.632448468017578 1.4253428314209 -1.25066157836914 -4.54610606689453 -6.06580897827148 -6.56962558288574 -0.755105700683594 1.03715542297363 1.62356022338867 4.61341312866211 5.20807865600586 8.57786015014648 13.8059714172363 15.0778982971191 16.2011549804688 11.7824499938965
-1.69665881652832 -0.342141833496094 1.41708210449219 1.79700687866211 2.38341358642578 3.96919086914063 3.18456104736328 0.764597210693359 0.417709622192383 0.582895550537109 1.2766726348877 0.335117611694336 -0.317363467407227 0.624193463134766 1.93741444091797 3.08545139770508 3.1763022277832 1.11148670654297 0.376413616943359 -1.63058635253906 -1.62232753295898 0.310339245605469 -0.284326281738281 -1.30847522277832 -2.16743823547363 0.748081478881836 2.08608082275391 -2.06006785888672 -3.8688466217041 -0.664252963256836 1.13626697998047 0.128637585449219 -2.07658740539551 -4.22399302978516 -6.18969890136719 0.797636303710938 5.29067448120117 4.72078541259766 5.27415302734375 5.87708118896484 8.38789585571289 10.4774916503906 10.048010144043 11.0969336364746 6.87645176391602
0.533340725708008 3.22585895996094 6.71126774291992 5.06767490844727 1.3510077331543 1.3510077331543 1.62356022338867 -1.99399348754883 -1.74621554870605 0.293821606445313 0.929785046386719 -0.143918719482422 -0.416475024414062 1.78048542480469 1.97870853881836 1.47489765625 2.68074635009766 1.68137577514648 2.18519428710938 0.929785046386719 1.28493336181641 -0.160438265991211 -0.606437411499023 -0.738586154174805 -1.15980884094238 0.0708201263427734 1.73093250732422 -2.42347690124512 -3.85232898254395 -1.4901787902832 0.392933163452148 -0.622956958007812 -3.15029117126465 -4.0340306427002 -3.49717875976563 0.70678356628418 3.49015263061523 4.34086063842773 5.56323078613281 6.6204169128418 6.6204169128418 5.6045248840332 4.34086063842773 2.89548710327148 -0.730327334594727
4.15915516357422 5.6293051574707 9.48637989501953 8.33008030395508 2.92852619628906 0.376413616943359 0.2360060546875 -4.75258609313965 -2.16743823547363 -0.160438265991211 0.70678356628418 -0.0695855285644531 1.2105982635498 2.03652409057617 1.07019260864258 0.103857312011719 0.632448468017578 1.87134006958008 2.3751547668457 2.83767536621094 3.21760014038086 -0.185216632080078 -0.920289721679687 -0.309104647827148 -1.46540042419434 0.425970349121094 2.48252323608398 0.0295260284423828 -1.86184474487305 -0.878993716430664 -0.358661380004883 -0.920289721679687 -3.12551089782715 -3.59629031677246 -0.837697711181641 0.657230648803711 2.19344929199219 4.28304508666992 5.77796772460937 6.49652698974609 5.51367405395508 2.52382114868164 -0.837697711181641 -4.68651172180176 -6.52006885070801
8.28878620605469 7.71063831787109 9.67634418945313 8.01622990112305 3.49015263061523 0.880230221557617 -0.226512637329102 -2.85295840759277 -2.52258655090332 -0.416475024414062 0.285562786865234 -0.201734271240234 0.269043240356445 1.50793293457031 2.06130054931641 1.99522999267578 -0.391698565673828 2.43297031860352 2.51556232910156 2.49078587036133 3.96093586425781 3.03589848022461 2.06956318359375 -0.598178591918945 -1.59754916687012 2.30908039550781 3.73793247680664 0.293821606445313 -0.209993090820313 0.442486080932617 -1.08547565002441 -2.52258655090332 -3.53847476501465 -3.7449566986084 -2.35740252990723 -0.9781052734375 1.33448627929688 3.88659885864258 5.25763920288086 6.08356312255859 5.51367405395508 1.62356022338867 -5.07469913024902 -9.41081019897461 -11.6903664733887
12.3027861450195 11.881563458252 11.5346739624023 9.74241856079102 4.97682407836914 2.74682072143555 0.847193035888672 0.17819241027832 -0.317363467407227 0.467266354370117 0.285562786865234 -0.779882159423828 -0.664252963256836 1.68137577514648 4.09308460693359 3.50667408447266 0.145155224609375 0.475523266601563 0.541597637939453 0.954561505126953 5.22460010986328 8.65219334106445 7.97493198852539 1.89612034301758 -0.209993090820313 5.08419254760742 2.86245182495117 -0.209993090820313 0.715044293212891 1.17756107788086 -3.20810481567383 -5.97495814819336 -4.73606845397949 -3.59629031677246 -3.34851237792969 -2.43173381347656 -0.168697085571289 2.02000645141602 1.73919514160156 2.58163670043945 3.52319172363281 0.756342205810547 -4.79388209838867 -4.27354976196289 -14.2094418670654
14.6566756103516 15.6725638244629 14.549303326416 11.7989714477539 6.45522907714844 2.92026356201172 2.25952366333008 1.29319408874512 -0.102622714233398 0.0212653015136719 -0.0282895233154297 -0.350400653076172 1.23537472229004 0.401190075683594 1.88785770874023 2.94504383544922 0.756342205810547 -0.168697085571289 -0.845956530761719 -2.38217898864746 2.79637745361328 10.5848601196289 13.409525189209 9.10645512084961 5.80274799804687 8.36311939697266 6.50478580932617 2.22648838500977 -0.705548968505859 -2.88599559326172 -6.49529048461914 -8.22147723693848 -4.95080920715332 -1.91966029663086 -0.920289721679687 0.0625632141113281 1.10322979431152 1.54923084716797 -0.689031329345703 -2.50606700439453 -0.209993090820313 2.03652409057617 2.58989552001953 0.888487133789063 -13.4330689575195
14.3676016662598 17.6052306030273 15.8047125671387 11.0886748168945 5.16678455810547 0.202968869018555 -1.24240085144043 0.888487133789063 1.7639716003418 0.269043240356445 1.10322979431152 0.789379391479492 3.42408207397461 0.855449948120117 -0.697290148925781 -1.33325168151855 -3.34025355834961 -5.01688167114258 -5.23162433166504 -3.34851237792969 1.97044971923828 11.658563885498 19.1414549682617 19.8930456970215 14.9622671936035 11.8072340820313 9.6598227355957 4.23348835449219 -3.1172539855957 -8.74180957336426 -11.6986252929687 -11.3930337097168 -7.36251422424316 -2.62169810791016 0.607672009277344 2.7881186340332 2.74682072143555 2.689008984375 1.53270939331055 -0.416475024414062 0.202968869018555 3.72967365722656 5.05941608886719 -0.441251483154297 -12.2272164489746
8.78434208374023 14.5740835998535 15.1522314880371 9.13949039916992 3.01937702636719 -2.48955127258301 -4.72780963439941 -1.41584559936523 2.98633793334961 5.76145390014648 7.51241520385742 9.0238592956543 2.01174763183594 -3.46414157409668 -3.6458470489502 -2.67125293273926 -6.20621654052734 -7.90762301940918 -9.41081019897461 -8.13888522644043 1.02889660339355 15.6312659118652 27.4667914245605 29.6389754150391 24.2621977661133 16.1681197021484 8.79260090332031 1.91263416748047 -4.53784724731445 -9.78247615356445 -13.9038483764648 -14.8867003585815 -11.1782910491943 -4.84343883056641 0.0295260284423828 2.67248753051758 3.3910467956543 4.1674139831543 6.09182575683594 6.10008076171875 6.36437824707031 6.48826817016602 4.66297367553711 -1.22588321228027 -11.4425885345459
-0.713807788085937 4.74556187133789 7.01685932617187 4.3904135559082 -0.201734271240234 -3.30721637268066 -3.66236468811035 -2.08484622497559 2.49078587036133 5.75319126586914 8.07404545288086 9.23034122924805 3.50667408447266 -3.02640124816895 -6.96606990356445 -10.9718091156006 -7.45336505432129 -6.76784678955078 -8.03977176208496 -8.32058688659668 0.425970349121094 18.1586020324707 34.3880522583008 38.649832043457 33.2317526672363 20.9502318237305 9.78371265869141 -0.0943638946533203 -8.81614276428223 -15.8778111602783 -20.0982949401855 -18.8759247924805 -10.9305131103516 -3.6458470489502 -0.556882586669922 0.0295260284423828 1.67312077026367 5.29067448120117 10.8739340637207 15.9368613098145 15.8377516601563 13.6655638549805 8.94952991943359 -0.0035111572265625 -10.6084019805908
-7.72592135925293 -4.48829051513672 -0.755105700683594 -1.63884517211914 -4.93429156799316 -6.2970692779541 -5.27292033691406 -3.15854808349609 -0.647733416748047 1.25189617614746 4.66297367553711 2.24300602416992 -0.0695855285644531 -2.29958507080078 -6.82566043395996 -8.19669887084961 -5.16554996032715 -3.03466006774902 -6.42095729370117 -7.32121631164551 -0.672511782836914 14.0950491760254 31.9515707824707 39.3518660400391 34.7679732177734 21.7183440063477 7.76019123535156 -5.21510669250488 -16.8524033691406 -25.2107751037598 -25.5741841461182 -15.4152924682617 -4.76910563964844 1.82178333740234 2.85419300537109 -0.432992663574219 -1.22588321228027 1.79700687866211 7.95015552978516 17.2005293701172 23.799677166748 22.7011969421387 16.1598646972656 6.00922993164062 -5.71891948242188
-9.7659585144043 -9.20432826538086 -8.25451442260742 -10.1706616546631 -14.0607735778809 -14.5067746307373 -8.9400307800293 -2.34914180297852 -1.80403110046387 -0.209993090820313 -0.523845401000977 -3.47240230102539 -2.38217898864746 -3.06769725341797 -3.71192142028809 -2.34914180297852 -1.42410632629395 -2.39043971557617 -6.95780917663574 -7.80851336975098 -3.53021594543457 7.23985889892578 21.0410864685059 31.3569014404297 29.0690863464355 16.5645659301758 1.92915562133789 -12.0950696136475 -22.9559991027832 -27.5977017547607 -21.8079602386475 -8.13888522644043 2.49904468994141 8.99082020263672 8.51178577880859 0.541597637939453 -4.76084682006836 -4.86821719665527 0.186451229858398 11.9889357421875 23.3701956604004 27.4667914245605 23.0150473449707 12.1871588562012 0.830673489379883
-8.98958751220703 -10.7901074554443 -13.4908845092773 -20.5773293640137 -24.4178864624023 -20.1726281311035 -11.1039578582764 -1.97747584838867 -0.325624194335937 -1.06069728393555 -2.05180903930664 -3.24940272827148 -1.65536471862793 0.00474575500488281 2.51556232910156 2.34211948852539 -0.143918719482422 -3.76147433776855 -8.61792155761719 -10.162402835083 -5.67762538452148 2.44948795776367 12.1458609436035 19.4718230102539 19.3809721801758 10.9317496154785 -3.61280986328125 -16.0099579956055 -21.4115159179688 -19.9578854705811 -11.9298836853027 -2.91903087158203 5.82752827148437 10.4609701965332 8.35486057739258 0.169931683349609 -6.90825435180664 -9.13825389404297 -4.4469945098877 6.24048832397461 16.6306403015137 23.2297880981445 24.2952368591309 17.2913802001953 7.19030598144531
-5.70240184326172 -9.10521670837402 -16.0842930938721 -26.4744431640625 -27.4820725585938 -19.9578854705811 -10.203698840332 -3.98447581787109 -2.37392016906738 -2.73732730407715 -2.08484622497559 -0.441251483154297 2.1273749206543 5.39804295043945 7.69411686401367 6.81037739257812 1.92915562133789 -6.64395877380371 -11.4591080810547 -11.8059956695557 -7.69288417358398 -0.556882586669922 6.18267658691406 9.0486395690918 8.17315510253906 1.38404491882324 -7.04040309448242 -13.5239216949463 -14.5976254608154 -10.9222561981201 -3.10899516601563 2.58163670043945 6.00096729736328 7.96667698364258 6.37263706665039 0.946304592895508 -4.51306888122559 -6.56136485595703 -5.34725543518066 -0.309104647827148 6.88471439819336 14.549303326416 18.7202322814941 16.4406760070801 10.3123076293945
-2.20873424072266 -9.8898484375 -18.0087010528564 -23.2698495056152 -22.5512940551758 -16.431180682373 -10.2449948455811 -6.5861432220459 -5.99973460693359 -5.33899470825195 -3.70366069335938 0.690267834472656 6.43871143798828 9.75893238525391 10.8408987854004 7.38852909545898 1.37578419189453 -5.43810626525879 -12.3428475524902 -13.9368855621338 -10.6001431610107 -4.4965493347168 1.59878376464844 4.17567280273437 2.67248753051758 -2.10136386413574 -6.61092158813477 -8.92351314086914 -7.28817912597656 -2.29132815856934 2.80463627319336 5.17504337768555 5.52193668823242 5.38978794555664 4.8033774230957 3.14326313476563 1.67312077026367 -0.416475024414062 -3.76147433776855 -4.18269893188477 -0.209993090820313 5.71189716796875 10.9152319763184 13.1287138793945 11.8320105407715
0.136894497680664 -8.74180957336426 -16.422921862793 -17.8269974853516 -16.3733670379639 -13.0118481781006 -9.92288371582031 -9.03088542480469 -9.34473582763672 -7.84155055541992 -3.56325313110352 3.48189762573242 10.7996008728027 12.9304907653809 11.7081206176758 6.72778538208008 -1.54799434204102 -8.05629130859375 -13.3339593078613 -15.3822562362671 -12.1033284332275 -5.89236423034668 -0.779882159423828 1.95393208007813 1.68963459472656 -0.226512637329102 -2.37392016906738 -2.66299411315918 0.467266354370117 3.54797199707031 3.79574802856445 2.73856190185547 3.66359928588867 4.77860096435547 5.44759968261719 6.81864002685547 6.96730259399414 4.38215473632812 0.805895123291016 -2.25003215332031 -2.57214137573242 0.00474575500488281 4.43997028808594 8.98256519775391 11.9145987365723
-1.62232753295898 -7.41206904907227 -10.5010316040039 -13.1026990081787 -12.6732175018311 -10.6414391662598 -9.70814296264648 -10.236736026001 -9.86507007141113 -5.30595752258301 1.87959888916016 8.80911854248047 12.7570479248047 12.096308026123 8.759565625 1.7144110534668 -6.64395877380371 -12.8301427032471 -15.5969960357666 -13.9121071960449 -9.85681125183105 -5.52895709533691 -1.93617793579102 0.822412762451172 2.7881186340332 2.79637745361328 3.1763022277832 5.42282322387695 6.63693073730469 6.2074530456543 3.88659885864258 2.24300602416992 2.68074635009766 4.91074970703125 6.37263706665039 7.545454296875 6.37263706665039 4.17567280273437 3.19282368164063 2.80463627319336 0.731560025024414 -0.581660952758789 1.51619175415039 5.56323078613281 10.1636374328613
-5.18206950683594 -7.73418017883301 -10.121106829834 -12.8384034301758 -12.6566998626709 -10.0054757263184 -7.54421588439941 -7.74243899841309 -4.96732875366211 2.87896946411133 9.95715549926758 13.0130827758789 11.7741949890137 6.99208286743164 0.715044293212891 -6.59440204162598 -12.8796994354248 -14.3994042541504 -12.2767731811523 -9.62555095214844 -7.99021693725586 -5.50418063659668 -1.93617793579102 1.43359783630371 4.21697071533203 5.89360264282227 7.33896854858398 8.80085972290039 8.86693409423828 7.03337696533203 4.23348835449219 4.26652744750977 4.96030262451172 5.22460010986328 4.67122868041992 3.19282368164063 1.2105982635498 -0.0117718841552734 0.979341778564453 3.52319172363281 4.27478626708984 3.16804722290039 2.49078587036133 3.71315220336914 7.70237949829102
-10.195440020752 -11.2774026062012 -10.9635502960205 -10.8726994659424 -10.0054757263184 -7.53595897216797 -5.04992076416016 -2.97684642333984 2.57337788085938 10.5353072021484 14.830122265625 13.3517134521484 7.81800678710937 0.566377911376953 -6.18143817443848 -11.0461442138672 -12.5658471252441 -10.6414391662598 -7.87458583374023 -6.54484530944824 -7.10647746582031 -5.99147578735352 -2.49780818481445 1.40056065063477 4.5803778503418 6.93426731567383 8.47874668579102 8.7347853515625 8.42919376831055 8.10708073120117 7.44634083251953 7.40504291992187 6.88471439819336 4.88597324829102 1.69789722900391 -1.59754916687012 -3.6458470489502 -3.819291796875 -2.36565944213867 0.128637585449219 2.26778629760742 2.92026356201172 2.83767536621094 3.12674931030273 3.92789677124023
